Waf: Entering directory `/root/ns-allinone-3.29/ns-3.29/build'
Waf: Leaving directory `/root/ns-allinone-3.29/ns-3.29/build'
Build commands will be stored in build/compile_commands.json
'build' finished successfully (4.596s)
5.01195	536
5.26059	1072
5.29984	1608
5.3483	2144
5.4011	2680
5.42355	3216
5.48069	3752
5.50747	4288
5.52558	4824
5.58706	5360
5.61818	5896
5.63629	6432
5.65874	6968
5.72454	7504
5.74699	8040
5.78245	8576
5.8049	9112
5.82301	9648
5.84979	10184
5.91994	10720
5.93805	11256
5.96483	11792
6.00462	12328
6.02707	12864
6.05386	13400
6.0763	13936
6.09442	14472
6.12554	15008
6.20002	15544
6.21813	16080
6.24058	16616
6.27603	17152
6.29414	17688
6.33827	18224
6.36506	18760
6.38317	19296
6.41429	19832
6.44107	20368
6.45918	20904
6.48163	21440
6.52142	21976
6.53954	22512
6.61835	23048
6.6408	23584
6.65891	24120
6.6857	24656
6.72549	25192
6.7436	25728
6.77038	26264
6.81885	26800
6.83696	27336
6.86808	27872
6.89053	28408
6.90864	28944
6.94409	29480
6.97521	30016
6.99766	30552
7.02011	31088
7.04689	31624
7.06501	32160
7.10913	32696
7.13158	33232
7.14969	33768
7.23285	34304
7.25963	34840
7.28208	35376
7.30453	35912
7.33565	36448
7.35376	36984
7.39789	37520
7.42033	38056
7.43845	38592
7.46957	39128
7.52237	39664
7.54481	40200
7.56726	40736
7.60272	41272
7.62083	41808
7.64761	42344
7.67006	42880
7.68817	43416
7.72797	43952
7.76776	44488
7.78587	45024
7.81265	45560
7.83944	46096
7.85755	46632
7.88867	47168
7.91112	47704
7.92923	48240
7.98203	48776
8.00881	49312
8.02693	49848
8.04937	50384
8.13686	50920
8.15497	51456
8.18609	51992
8.21288	52528
8.23099	53064
8.26211	53600
8.29757	54136
8.31568	54672
8.33813	55208
8.38659	55744
8.4047	56280
8.43149	56816
8.45393	57352
8.47638	57888
8.51184	58424
8.56897	58960
8.58709	59496
8.61387	60032
8.64065	60568
8.65877	61104
8.69856	61640
8.72101	62176
8.74345	62712
8.77457	63248
8.80136	63784
8.81947	64320
8.84192	64856
8.88605	65392
8.90416	65928
8.94829	66464
8.97073	67000
8.99318	67536
9.0243	68072
9.05542	68608
9.07353	69144
9.09598	69680
9.13144	70216
9.14955	70752
9.17633	71288
9.20312	71824
9.22123	72360
9.27837	72896
9.30949	73432
9.3276	73968
9.35005	74504
9.37683	75040
9.39494	75576
9.4911	76112
9.51355	76648
9.53166	77184
9.56712	77720
9.59824	78256
9.61635	78792
9.6388	79328
9.67425	79864
9.6967	80400
9.73649	80936
9.75894	81472
9.77705	82008
9.80384	82544
9.85664	83080
9.87475	83616
9.8972	84152
9.92832	84688
9.95077	85224
9.97755	85760
10.0043	86296
10.0224	86832
10.0622	87368
10.1237	87904
10.1418	88440
10.1643	88976
10.1954	89512
10.2178	90048
10.249	90584
10.2714	91120
10.2895	91656
10.3336	92192
10.3604	92728
10.3785	93264
10.4053	93800
10.4451	94336
10.4632	94872
10.4944	95408
10.5168	95944
10.5349	96480
10.5617	97016
10.6102	97552
10.6283	98088
10.6507	98624
10.7035	99160
10.7216	99696
10.7484	100232
10.7752	100768
10.7933	101304
10.8288	101840
10.8642	102376
10.8823	102912
10.9091	103448
10.9359	103984
10.954	104520
10.9938	105056
11.0163	105592
11.0344	106128
11.0655	106664
11.0966	107200
11.1191	107736
11.1415	108272
11.203	108808
11.2211	109344
11.2565	109880
11.279	110416
11.2971	110952
11.3239	111488
11.355	112024
11.3775	112560
11.3999	113096
11.5004	113632
11.5185	114168
11.5453	114704
11.5677	115240
11.5859	115776
11.6256	116312
11.6611	116848
11.6836	117384
11.706	117920
11.7328	118456
11.7509	118992
11.7907	119528
11.8175	120064
11.8356	120600
11.8797	121136
11.9108	121672
11.9289	122208
11.9514	122744
11.9825	123280
12.0006	123816
12.0578	124352
12.0802	124888
12.0983	125424
12.1294	125960
12.1649	126496
12.183	127032
12.2098	127568
12.2409	128104
12.259	128640
12.2901	129176
12.3126	129712
12.3307	130248
12.3792	130784
12.445	131320
12.4631	131856
12.4855	132392
12.5123	132928
12.5304	133464
12.5659	134000
12.5927	134536
12.6151	135072
12.6506	135608
12.6774	136144
12.6955	136680
12.7179	137216
12.7664	137752
12.7845	138288
12.8156	138824
12.8381	139360
12.8605	139896
12.8916	140432
12.9358	140968
12.9539	141504
12.9763	142040
13.0118	142576
13.0299	143112
13.0567	143648
13.0835	144184
13.1016	144720
13.1327	145256
13.1855	145792
13.2036	146328
13.226	146864
13.2528	147400
13.2709	147936
13.3281	148472
13.3549	149008
13.373	149544
13.4041	150080
13.4352	150616
13.4533	151152
13.4758	151688
13.5156	152224
13.5337	152760
13.5778	153296
13.6003	153832
13.6184	154368
13.6495	154904
13.6806	155440
13.6987	155976
13.7212	156512
13.7653	157048
13.7877	157584
13.8145	158120
13.837	158656
13.8551	159192
13.8905	159728
13.926	160264
13.9441	160800
13.9709	161336
13.9977	161872
14.0201	162408
14.0859	162944
14.1084	163480
14.1265	164016
14.1663	164552
14.1931	165088
14.2112	165624
14.2336	166160
14.2647	166696
14.2872	167232
14.3227	167768
14.3494	168304
14.3675	168840
14.3943	169376
14.4992	169912
14.5173	170448
14.5397	170984
14.5752	171520
14.5933	172056
14.6201	172592
14.6425	173128
14.6606	173664
14.7048	174200
14.7446	174736
14.7627	175272
14.7895	175808
14.8206	176344
14.8387	176880
14.8698	177416
14.8923	177952
14.9104	178488
14.9545	179024
14.9856	179560
15.0037	180096
15.0305	180632
15.079	181168
15.0971	181704
15.1325	182240
15.155	182776
15.1731	183312
15.1999	183848
15.2353	184384
15.2578	184920
15.2802	185456
15.3417	185992
15.3598	186528
15.3866	187064
15.4091	187600
15.4272	188136
15.4626	188672
15.5024	189208
15.5249	189744
15.5473	190280
15.5784	190816
15.5965	191352
15.632	191888
15.6544	192424
15.6726	192960
15.708	193496
15.7348	194032
15.7572	194568
15.7797	195104
15.7891	195640
15.8415	196176
15.9112	196712
15.9463	197248
15.9727	197784
15.9991	198320
16.0298	198856
16.0562	199392
16.1	199928
16.1307	200464
16.1658	201000
16.2052	201536
16.2489	202072
16.2753	202608
16.3061	203144
16.3672	203680
16.3936	204216
16.4243	204752
16.4507	205288
16.4858	205824
16.5252	206360
16.5776	206896
16.5997	207432
16.6347	207968
16.6785	208504
16.7092	209040
16.7443	209576
16.7794	210112
16.8014	210648
16.8278	211184
16.8629	211720
16.9283	212256
16.9547	212792
16.9898	213328
17.0205	213864
17.0469	214400
17.1123	214936
17.1474	215472
17.1825	216008
17.2046	216544
17.2483	217080
17.2747	217616
17.3054	218152
17.3579	218688
17.3843	219224
17.441	219760
17.4674	220296
17.4981	220832
17.5332	221368
17.577	221904
17.599	222440
17.6254	222976
17.6518	223512
17.6999	224048
17.735	224584
17.77	225120
17.8008	225656
17.8272	226192
17.8796	226728
17.919	227264
17.9454	227800
17.9891	228336
18.0112	228872
18.0463	229408
18.1204	229944
18.1468	230480
18.1819	231016
18.2213	231552
18.265	232088
18.2871	232624
18.3221	233160
18.3572	233696
18.3836	234232
18.4057	234768
18.4581	235304
18.4888	235840
18.5152	236376
18.5503	236912
18.6634	237448
18.6898	237984
18.7249	238520
18.7643	239056
18.7994	239592
18.8344	240128
18.8608	240664
18.8829	241200
18.9353	241736
18.9834	242272
19.0098	242808
19.0535	243344
19.0843	243880
19.1194	244416
19.1544	244952
19.1852	245488
19.2116	246024
19.238	246560
19.286	247096
19.3211	247632
19.3562	248168
19.3869	248704
19.448	249240
19.4701	249776
19.5138	250312
19.5489	250848
19.571	251384
19.6147	251920
19.6498	252456
19.6805	252992
19.7069	253528
19.781	254064
19.8074	254600
19.8425	255136
19.8732	255672
19.8996	256208
19.9477	256744
20.0001	257280
20.0265	257816
20.0486	258352
20.075	258888
20.1187	259424
20.1451	259960
20.1845	260496
20.2196	261032
20.246	261568
20.2941	262104
20.3291	262640
20.3599	263176
20.3863	263712
20.4127	264248
20.4694	264784
20.5435	265320
20.5959	265856
20.631	266392
20.6618	266928
20.7055	267464
20.7362	268000
20.7887	268536
20.8281	269072
20.8805	269608
20.9199	270144
20.981	270680
21.0117	271216
21.0555	271752
21.1209	272288
21.1559	272824
21.1954	273360
21.2304	273896
21.2828	274432
21.3223	274968
21.3877	275504
21.4141	276040
21.4665	276576
21.5146	277112
21.5583	277648
21.6371	44288
