2.00408	0.00407937
2.00499	0.00815134
2.0059	0.0122159
2.00681	0.0162731
2.00772	0.020323
2.00864	0.0243656
2.00955	0.0284008
2.01046	0.0324288
2.01137	0.0364495
2.01228	0.0404629
2.0132	0.0444692
2.01411	0.0484682
2.01502	0.05246
2.01593	0.0564447
2.01684	0.0604222
2.01776	0.0643926
2.01867	0.0683559
2.01958	0.0723121
2.02049	0.0762612
2.0214	0.0802033
2.02232	0.0841383
2.02323	0.0880664
2.02414	0.0919874
2.02505	0.0959014
2.02596	0.0998085
2.02688	0.103709
2.02779	0.107602
2.0287	0.111488
2.02961	0.115368
2.03052	0.11924
2.03144	0.123106
2.03235	0.126965
2.03326	0.130817
2.03417	0.134662
2.03508	0.138501
2.036	0.142333
2.03691	0.146158
2.03782	0.149976
2.03873	0.153787
2.03964	0.157592
2.04056	0.161391
2.04147	0.165182
2.04238	0.168967
2.04329	0.172745
2.0442	0.176517
2.04512	0.180282
2.04603	0.184041
2.04694	0.187793
2.04785	0.191538
2.04876	0.195277
2.04968	0.19901
2.05059	0.202736
2.0515	0.206455
2.05241	0.210169
2.05332	0.213875
2.05424	0.217576
2.05515	0.221269
2.05606	0.224957
2.05697	0.228638
2.05788	0.232313
2.0588	0.235981
2.05971	0.239643
2.06062	0.243299
2.06153	0.246949
2.06244	0.250592
2.06336	0.254229
2.06427	0.25786
2.06518	0.261484
2.06609	0.265103
2.067	0.268715
2.06792	0.272321
2.06883	0.275921
2.06974	0.279515
2.07065	0.283102
2.07156	0.286684
2.07248	0.290259
2.07339	0.293828
2.0743	0.297392
2.07521	0.300949
2.07612	0.3045
2.07704	0.308045
2.07795	0.311585
2.07886	0.315118
2.07977	0.318645
2.08068	0.322166
2.0816	0.325682
2.08251	0.329191
2.08342	0.332695
2.08433	0.336192
2.08524	0.339684
2.08616	0.34317
2.08707	0.34665
2.08798	0.350124
2.08889	0.353592
2.0898	0.357055
2.09072	0.360512
2.09163	0.363963
2.09254	0.367408
2.09345	0.370847
2.09436	0.374281
2.09528	0.377709
2.09619	0.381132
2.0971	0.384548
2.09801	0.387959
2.09892	0.391365
2.09984	0.394764
2.10075	0.398158
2.10166	0.401547
2.10257	0.404929
2.10348	0.408307
2.1044	0.411678
2.10531	0.415044
2.10622	0.418405
2.10713	0.42176
2.10804	0.425109
2.10896	0.428453
2.10987	0.431792
2.11078	0.435125
2.11169	0.438452
2.1126	0.441774
2.11352	0.445091
2.11443	0.448402
2.11534	0.451708
2.11625	0.455008
2.11716	0.458303
2.11808	0.461593
2.11899	0.464877
2.1199	0.468156
2.12081	0.47143
2.12172	0.474698
2.12264	0.477961
2.12355	0.481218
2.12446	0.484471
2.12537	0.487718
2.12628	0.49096
2.1272	0.494196
2.12811	0.497427
2.12902	0.500654
2.12993	0.503874
2.13084	0.50709
2.13176	0.510301
2.13267	0.513506
2.13358	0.516706
2.13449	0.519901
2.1354	0.523091
2.13632	0.526276
2.13723	0.529456
2.13814	0.53263
2.13905	0.5358
2.13996	0.538964
2.14088	0.542124
2.14179	0.545278
2.1427	0.548427
2.14361	0.551572
2.14452	0.554711
2.14544	0.557845
2.14635	0.560974
2.14726	0.564099
2.14817	0.567218
2.14908	0.570332
2.15	0.573442
2.15091	0.576546
2.15182	0.579646
2.15273	0.582741
2.15364	0.585831
2.15456	0.588915
2.15547	0.591996
2.15638	0.595071
2.15729	0.598141
2.1582	0.601207
2.15912	0.604267
2.16003	0.607323
2.16094	0.610374
2.16185	0.613421
2.16276	0.616462
2.16368	0.619499
2.16459	0.622531
2.1655	0.625558
2.16641	0.628581
2.16732	0.631598
2.16824	0.634611
2.16915	0.63762
2.17006	0.640623
2.17097	0.643622
2.17188	0.646617
2.1728	0.649606
2.17371	0.652591
2.17462	0.655572
2.17553	0.658548
2.17644	0.661519
2.17736	0.664485
2.17827	0.667447
2.17918	0.670405
2.18009	0.673358
2.181	0.676306
2.18192	0.67925
2.18283	0.682189
2.18374	0.685123
2.18465	0.688053
2.18556	0.690979
2.18648	0.6939
2.18739	0.696817
2.1883	0.699729
2.18921	0.702637
2.19012	0.70554
2.19104	0.708439
2.19195	0.711333
2.19286	0.714223
2.19377	0.717108
2.19468	0.719989
2.1956	0.722866
2.19651	0.725738
2.19742	0.728606
2.19833	0.73147
2.19924	0.734329
2.20016	0.737184
2.20107	0.740035
2.20198	0.742881
2.20289	0.745723
2.2038	0.74856
2.20472	0.751394
2.20563	0.754223
2.20654	0.757047
2.20745	0.759868
2.20836	0.762684
2.20928	0.765496
2.21019	0.768304
2.2111	0.771107
2.21201	0.773906
2.21292	0.776701
2.21384	0.779492
2.21475	0.782279
2.21566	0.785062
2.21657	0.78784
2.21748	0.790614
2.2184	0.793384
2.21931	0.79615
2.22022	0.798912
2.22113	0.801669
2.22204	0.804423
2.22296	0.807172
2.22387	0.809917
2.22478	0.812658
2.22569	0.815396
2.2266	0.818129
2.22752	0.820858
2.22843	0.823583
2.22934	0.826303
2.23025	0.82902
2.23116	0.831733
2.23208	0.834442
2.23299	0.837147
2.2339	0.839848
2.23481	0.842544
2.23572	0.845237
2.23664	0.847926
2.23755	0.850611
2.23846	0.853292
2.23937	0.855969
2.24028	0.858642
2.2412	0.861311
2.24211	0.863976
2.24302	0.866638
2.24393	0.869295
2.24484	0.871949
2.24576	0.874598
2.24667	0.877244
2.24758	0.879886
2.24849	0.882524
2.2494	0.885158
2.25032	0.887788
2.25123	0.890415
2.25214	0.893037
2.25305	0.895656
2.25396	0.898271
2.25488	0.900883
2.25579	0.90349
2.2567	0.906094
2.25761	0.908694
2.25852	0.91129
2.25944	0.913882
2.26035	0.916471
2.26126	0.919055
2.26217	0.921637
2.26308	0.924214
2.264	0.926788
2.26491	0.929358
2.26582	0.931924
2.26673	0.934486
2.26764	0.937045
2.26856	0.939601
2.26947	0.942152
2.27038	0.9447
2.27129	0.947244
2.2722	0.949785
2.27312	0.952322
2.27403	0.954855
2.27494	0.957385
2.27585	0.959911
2.27676	0.962433
2.27768	0.964952
2.27859	0.967467
2.2795	0.969979
2.28041	0.972487
2.28132	0.974991
2.28224	0.977492
2.28315	0.97999
2.28406	0.982484
2.28497	0.984974
2.28588	0.987461
2.2868	0.989944
2.28771	0.992424
2.28862	0.9949
2.28953	0.997373
2.29044	0.999842
2.29136	1.00231
2.29227	1.00477
2.29318	1.00723
2.29409	1.00968
2.295	1.01214
2.29592	1.01458
2.29683	1.01703
2.29774	1.01947
2.29865	1.02191
2.29956	1.02434
2.30048	1.02677
2.30139	1.0292
2.3023	1.03163
2.30321	1.03405
2.30412	1.03647
2.30504	1.03888
2.30595	1.04129
2.30686	1.0437
2.30777	1.0461
2.30868	1.0485
2.3096	1.0509
2.31051	1.0533
2.31142	1.05569
2.31233	1.05807
2.31324	1.06046
2.31416	1.06284
2.31507	1.06522
2.31598	1.06759
2.31689	1.06996
2.3178	1.07233
2.31872	1.07469
2.31963	1.07706
2.32054	1.07941
2.32145	1.08177
2.32236	1.08412
2.32328	1.08647
2.32419	1.08881
2.3251	1.09115
2.32601	1.09349
2.32692	1.09583
2.32784	1.09816
2.32875	1.10049
2.32966	1.10281
2.33057	1.10514
2.33148	1.10746
2.3324	1.10977
2.33331	1.11209
2.33422	1.11439
2.33513	1.1167
2.33604	1.11901
2.33696	1.12131
2.33787	1.1236
2.33878	1.1259
2.33969	1.12819
2.3406	1.13048
2.34152	1.13276
2.34243	1.13504
2.34334	1.13732
2.34425	1.1396
2.34516	1.14187
2.34608	1.14414
2.34699	1.1464
2.3479	1.14867
2.34881	1.15093
2.34972	1.15318
2.35064	1.15544
2.35155	1.15769
2.35246	1.15994
2.35337	1.16218
2.35428	1.16442
2.3552	1.16666
2.35611	1.1689
2.35702	1.17113
2.35793	1.17336
2.35884	1.17559
2.35976	1.17781
2.36067	1.18003
2.36158	1.18225
2.36249	1.18446
2.3634	1.18668
2.36432	1.18889
2.36523	1.19109
2.36614	1.19329
2.36705	1.1955
2.36796	1.19769
2.36888	1.19989
2.36979	1.20208
2.3707	1.20427
2.37161	1.20645
2.37252	1.20863
2.37344	1.21081
2.37435	1.21299
2.37526	1.21517
2.37617	1.21734
2.37708	1.2195
2.378	1.22167
2.37891	1.22383
2.37982	1.22599
2.38073	1.22815
2.38164	1.2303
2.38256	1.23245
2.38347	1.2346
2.38438	1.23675
2.38529	1.23889
2.3862	1.24103
2.38712	1.24317
2.38803	1.2453
2.38894	1.24743
2.38985	1.24956
2.39076	1.25169
2.39168	1.25381
2.39259	1.25593
2.3935	1.25805
2.39441	1.26016
2.39532	1.26227
2.39624	1.26438
2.39715	1.26649
2.39806	1.26859
2.39897	1.27069
2.39988	1.27279
2.4008	1.27489
2.40171	1.27698
2.40262	1.27907
2.40353	1.28116
2.40444	1.28324
2.40536	1.28532
2.40627	1.2874
2.40718	1.28948
2.40809	1.29155
2.409	1.29362
2.40992	1.29569
2.41083	1.29776
2.41174	1.29982
2.41265	1.30188
2.41356	1.30394
2.41448	1.30599
2.41539	1.30805
2.4163	1.3101
2.41721	1.31214
2.41812	1.31419
2.41904	1.31623
2.41995	1.31827
2.42086	1.3203
2.42177	1.32234
2.42268	1.32437
2.4236	1.3264
2.42451	1.32843
2.42542	1.33045
2.42633	1.33247
2.42724	1.33449
2.42816	1.3365
2.42907	1.33852
2.42998	1.34053
2.43089	1.34254
2.4318	1.34454
2.43272	1.34654
2.43363	1.34855
2.43454	1.35054
2.43545	1.35254
2.43636	1.35453
2.43728	1.35652
2.43819	1.35851
2.4391	1.36049
2.44001	1.36248
2.44092	1.36446
2.44184	1.36644
2.44275	1.36841
2.44366	1.37038
2.44457	1.37235
2.44548	1.37432
2.4464	1.37629
2.44731	1.37825
2.44822	1.38021
2.44913	1.38217
2.45004	1.38412
2.45096	1.38608
2.45187	1.38803
2.45278	1.38998
2.45369	1.39192
2.4546	1.39386
2.45552	1.3958
2.45643	1.39774
2.45734	1.39968
2.45825	1.40161
2.45916	1.40354
2.46008	1.40547
2.46099	1.4074
2.4619	1.40932
2.46281	1.41124
2.46372	1.41316
2.46464	1.41508
2.46555	1.41699
2.46646	1.41891
2.46737	1.42082
2.46828	1.42272
2.4692	1.42463
2.47011	1.42653
2.47102	1.42843
2.47193	1.43033
2.47284	1.43222
2.47376	1.43412
2.47467	1.43601
2.47558	1.43789
2.47649	1.43978
2.4774	1.44166
2.47832	1.44355
2.47923	1.44542
2.48014	1.4473
2.48105	1.44918
2.48196	1.45105
2.48288	1.45292
2.48379	1.45478
2.4847	1.45665
2.48561	1.45851
2.48652	1.46037
2.48744	1.46223
2.48835	1.46409
2.48926	1.46594
2.49017	1.46779
2.49108	1.46964
2.492	1.47149
2.49291	1.47333
2.49382	1.47518
2.49473	1.47702
2.49564	1.47885
2.49656	1.48069
2.49747	1.48252
2.49838	1.48436
2.49929	1.48618
2.5002	1.48801
2.50112	1.48984
2.50203	1.49166
2.50294	1.49348
2.50385	1.4953
2.50476	1.49711
2.50568	1.49893
2.50659	1.50074
2.5075	1.50255
2.50841	1.50435
2.50932	1.50616
2.51024	1.50796
2.51115	1.50976
2.51206	1.51156
2.51297	1.51336
2.51388	1.51515
2.5148	1.51694
2.51571	1.51873
2.51662	1.52052
2.51753	1.5223
2.51844	1.52409
2.51936	1.52587
2.52027	1.52765
2.52118	1.52942
2.52209	1.5312
2.523	1.53297
2.52392	1.53474
2.52483	1.53651
2.52574	1.53828
2.52665	1.54004
2.52756	1.5418
2.52848	1.54356
2.52939	1.54532
2.5303	1.54707
2.53121	1.54883
2.53212	1.55058
2.53304	1.55233
2.53395	1.55408
2.53486	1.55582
2.53577	1.55756
2.53668	1.55931
2.5376	1.56104
2.53851	1.56278
2.53942	1.56452
2.54033	1.56625
2.54124	1.56798
2.54216	1.56971
2.54307	1.57144
2.54398	1.57316
2.54489	1.57488
2.5458	1.5766
2.54672	1.57832
2.54763	1.58004
2.54854	1.58175
2.54945	1.58347
2.55036	1.58518
2.55128	1.58688
2.55219	1.58859
2.5531	1.5903
2.55401	1.592
2.55492	1.5937
2.55584	1.5954
2.55675	1.59709
2.55766	1.59879
2.55857	1.60048
2.55948	1.60217
2.5604	1.60386
2.56131	1.60555
2.56222	1.60723
2.56313	1.60891
2.56404	1.61059
2.56496	1.61227
2.56587	1.61395
2.56678	1.61562
2.56769	1.6173
2.5686	1.61897
2.56952	1.62064
2.57043	1.6223
2.57134	1.62397
2.57225	1.62563
2.57316	1.62729
2.57408	1.62895
2.57499	1.63061
2.5759	1.63227
2.57681	1.63392
2.57772	1.63557
2.57864	1.63722
2.57955	1.63887
2.58046	1.64052
2.58137	1.64216
2.58228	1.6438
2.5832	1.64544
2.58411	1.64708
2.58502	1.64872
2.58593	1.65035
2.58684	1.65198
2.58776	1.65361
2.58867	1.65524
2.58958	1.65687
2.59049	1.6585
2.5914	1.66012
2.59232	1.66174
2.59323	1.66336
2.59414	1.66498
2.59505	1.66659
2.59596	1.66821
2.59688	1.66982
2.59779	1.67143
2.5987	1.67304
2.59961	1.67465
2.60052	1.67625
2.60144	1.67785
2.60235	1.67946
2.60326	1.68106
2.60417	1.68265
2.60508	1.68425
2.606	1.68584
2.60691	1.68743
2.60782	1.68903
2.60873	1.69061
2.60964	1.6922
2.61056	1.69379
2.61147	1.69537
2.61238	1.69695
2.61329	1.69853
2.6142	1.70011
2.61512	1.70168
2.61603	1.70326
2.61694	1.70483
2.61785	1.7064
2.61876	1.70797
2.61968	1.70954
2.62059	1.7111
2.6215	1.71267
2.62241	1.71423
2.62332	1.71579
2.62424	1.71735
2.62515	1.7189
2.62606	1.72046
2.62697	1.72201
2.62788	1.72356
2.6288	1.72511
2.62971	1.72666
2.63062	1.72821
2.63153	1.72975
2.63244	1.73129
2.63336	1.73284
2.63427	1.73437
2.63518	1.73591
2.63609	1.73745
2.637	1.73898
2.63792	1.74051
2.63883	1.74205
2.63974	1.74357
2.64065	1.7451
2.64156	1.74663
2.64248	1.74815
2.64339	1.74967
2.6443	1.75119
2.64521	1.75271
2.64612	1.75423
2.64704	1.75575
2.64795	1.75726
2.64886	1.75877
2.64977	1.76028
2.65068	1.76179
2.6516	1.7633
2.65251	1.7648
2.65342	1.76631
2.65433	1.76781
2.65524	1.76931
2.65616	1.77081
2.65707	1.77231
2.65798	1.7738
2.65889	1.7753
2.6598	1.77679
2.66072	1.77828
2.66163	1.77977
2.66254	1.78126
2.66345	1.78274
2.66436	1.78423
2.66528	1.78571
2.66619	1.78719
2.6671	1.78867
2.66801	1.79015
2.66892	1.79162
2.66984	1.7931
2.67075	1.79457
2.67166	1.79604
2.67257	1.79751
2.67348	1.79898
2.6744	1.80044
2.67531	1.80191
2.67622	1.80337
2.67713	1.80483
2.67804	1.80629
2.67896	1.80775
2.67987	1.80921
2.68078	1.81066
2.68169	1.81212
2.6826	1.81357
2.68352	1.81502
2.68443	1.81647
2.68534	1.81792
2.68625	1.81936
2.68716	1.82081
2.68808	1.82225
2.68899	1.82369
2.6899	1.82513
2.69081	1.82657
2.69172	1.82801
2.69264	1.82944
2.69355	1.83087
2.69446	1.83231
2.69537	1.83374
2.69628	1.83516
2.6972	1.83659
2.69811	1.83802
2.69902	1.83944
2.69993	1.84086
2.70084	1.84229
2.70176	1.84371
2.70267	1.84512
2.70358	1.84654
2.70449	1.84796
2.7054	1.84937
2.70632	1.85078
2.70723	1.85219
2.70814	1.8536
2.70905	1.85501
2.70996	1.85641
2.71088	1.85782
2.71179	1.85922
2.7127	1.86062
2.71361	1.86202
2.71452	1.86342
2.71544	1.86482
2.71635	1.86621
2.71726	1.86761
2.71817	1.869
2.71908	1.87039
2.72	1.87178
2.72091	1.87317
2.72182	1.87456
2.72273	1.87594
2.72364	1.87733
2.72456	1.87871
2.72547	1.88009
2.72638	1.88147
2.72729	1.88285
2.7282	1.88422
2.72912	1.8856
2.73003	1.88697
2.73094	1.88834
2.73185	1.88971
2.73276	1.89108
2.73368	1.89245
2.73459	1.89382
2.7355	1.89518
2.73641	1.89655
2.73732	1.89791
2.73824	1.89927
2.73915	1.90063
2.74006	1.90199
2.74097	1.90334
2.74188	1.9047
2.7428	1.90605
2.74371	1.9074
2.74462	1.90875
2.74553	1.9101
2.74644	1.91145
2.74736	1.9128
2.74827	1.91414
2.74918	1.91549
2.75009	1.91683
2.751	1.91817
2.75192	1.91951
2.75283	1.92085
2.75374	1.92218
2.75465	1.92352
2.75556	1.92485
2.75648	1.92618
2.75739	1.92752
2.7583	1.92885
2.75921	1.93017
2.76012	1.9315
2.76104	1.93283
2.76195	1.93415
2.76286	1.93547
2.76377	1.9368
2.76468	1.93812
2.7656	1.93943
2.76651	1.94075
2.76742	1.94207
2.76833	1.94338
2.76924	1.9447
2.77016	1.94601
2.77107	1.94732
2.77198	1.94863
2.77289	1.94994
2.7738	1.95124
2.77472	1.95255
2.77563	1.95385
2.77654	1.95515
2.77745	1.95646
2.77836	1.95775
2.77928	1.95905
2.78019	1.96035
2.7811	1.96165
2.78201	1.96294
2.78292	1.96423
2.78384	1.96553
2.78475	1.96682
2.78566	1.96811
2.78657	1.96939
2.78748	1.97068
2.7884	1.97197
2.78931	1.97325
2.79022	1.97453
2.79113	1.97581
2.79204	1.97709
2.79296	1.97837
2.79387	1.97965
2.79478	1.98093
2.79569	1.9822
2.7966	1.98348
2.79752	1.98475
2.79843	1.98602
2.79934	1.98729
2.80025	1.98856
2.80116	1.98982
2.80208	1.99109
2.80299	1.99236
2.8039	1.99362
2.80481	1.99488
2.80572	1.99614
2.80664	1.9974
2.80755	1.99866
2.80846	1.99992
2.80937	2.00117
2.81028	2.00243
2.8112	2.00368
2.81211	2.00493
2.81302	2.00618
2.81393	2.00743
2.81484	2.00868
2.81576	2.00993
2.81667	2.01117
2.81758	2.01242
2.81849	2.01366
2.8194	2.0149
2.82032	2.01614
2.82123	2.01738
2.82214	2.01862
2.82305	2.01986
2.82396	2.02109
2.82488	2.02233
2.82579	2.02356
2.8267	2.02479
2.82761	2.02602
2.82852	2.02725
2.82944	2.02848
2.83035	2.02971
2.83126	2.03093
2.83217	2.03216
2.83308	2.03338
2.834	2.0346
2.83491	2.03583
2.83582	2.03705
2.83673	2.03826
2.83764	2.03948
2.83856	2.0407
2.83947	2.04191
2.84038	2.04313
2.84129	2.04434
2.8422	2.04555
2.84312	2.04676
2.84403	2.04797
2.84494	2.04918
2.84585	2.05038
2.84676	2.05159
2.84768	2.05279
2.84859	2.054
2.8495	2.0552
2.85041	2.0564
2.85132	2.0576
2.85224	2.0588
2.85315	2.05999
2.85406	2.06119
2.85497	2.06238
2.85588	2.06358
2.8568	2.06477
2.85771	2.06596
2.85862	2.06715
2.85953	2.06834
2.86044	2.06953
2.86136	2.07071
2.86227	2.0719
2.86318	2.07308
2.86409	2.07427
2.865	2.07545
2.86592	2.07663
2.86683	2.07781
2.86774	2.07899
2.86865	2.08017
2.86956	2.08134
2.87048	2.08252
2.87139	2.08369
2.8723	2.08486
2.87321	2.08603
2.87412	2.08721
2.87504	2.08837
2.87595	2.08954
2.87686	2.09071
2.87777	2.09188
2.87868	2.09304
2.8796	2.0942
2.88051	2.09537
2.88142	2.09653
2.88233	2.09769
2.88324	2.09885
2.88416	2.10001
2.88507	2.10116
2.88598	2.10232
2.88689	2.10347
2.8878	2.10463
2.88872	2.10578
2.88963	2.10693
2.89054	2.10808
2.89145	2.10923
2.89236	2.11038
2.89328	2.11152
2.89419	2.11267
2.8951	2.11381
2.89601	2.11496
2.89692	2.1161
2.89784	2.11724
2.89875	2.11838
2.89966	2.11952
2.90057	2.12066
2.90148	2.1218
2.9024	2.12293
2.90331	2.12407
2.90422	2.1252
2.90513	2.12633
2.90604	2.12746
2.90696	2.1286
2.90787	2.12972
2.90878	2.13085
2.90969	2.13198
2.9106	2.13311
2.91152	2.13423
2.91243	2.13536
2.91334	2.13648
2.91425	2.1376
2.91516	2.13872
2.91608	2.13984
2.91699	2.14096
2.9179	2.14208
2.91881	2.14319
2.91972	2.14431
2.92064	2.14542
2.92155	2.14654
2.92246	2.14765
2.92337	2.14876
2.92428	2.14987
2.9252	2.15098
2.92611	2.15209
2.92702	2.15319
2.92793	2.1543
2.92884	2.15541
2.92976	2.15651
2.93067	2.15761
2.93158	2.15871
2.93249	2.15982
2.9334	2.16091
2.93432	2.16201
2.93523	2.16311
2.93614	2.16421
2.93705	2.1653
2.93796	2.1664
2.93888	2.16749
2.93979	2.16858
2.9407	2.16968
2.94161	2.17077
2.94252	2.17186
2.94344	2.17294
2.94435	2.17403
2.94526	2.17512
2.94617	2.1762
2.94708	2.17729
2.948	2.17837
2.94891	2.17945
2.94982	2.18053
2.95073	2.18161
2.95164	2.18269
2.95256	2.18377
2.95347	2.18485
2.95438	2.18593
2.95529	2.187
2.9562	2.18808
2.95712	2.18915
2.95803	2.19022
2.95894	2.19129
2.95985	2.19236
2.96076	2.19343
2.96168	2.1945
2.96259	2.19557
2.9635	2.19663
2.96441	2.1977
2.96532	2.19876
2.96624	2.19983
2.96715	2.20089
2.96806	2.20195
2.96897	2.20301
2.96988	2.20407
2.9708	2.20513
2.97171	2.20619
2.97262	2.20724
2.97353	2.2083
2.97444	2.20935
2.97536	2.21041
2.97627	2.21146
2.97718	2.21251
2.97809	2.21356
2.979	2.21461
2.97992	2.21566
2.98083	2.21671
2.98174	2.21775
2.98265	2.2188
2.98356	2.21984
2.98448	2.22089
2.98539	2.22193
2.9863	2.22297
2.98721	2.22401
2.98812	2.22505
2.98904	2.22609
2.98995	2.22713
2.99086	2.22817
2.99177	2.2292
2.99268	2.23024
2.9936	2.23127
2.99451	2.23231
2.99542	2.23334
2.99633	2.23437
2.99724	2.2354
2.99816	2.23643
2.99907	2.23746
2.99998	2.23849
3.00089	2.23951
3.0018	2.24054
3.00272	2.24156
3.00363	2.24259
3.00454	2.24361
3.00545	2.24463
3.00636	2.24566
3.00728	2.24668
3.00819	2.24769
3.0091	2.24871
3.01001	2.24973
3.01092	2.25075
3.01184	2.25176
3.01275	2.25278
3.01366	2.25379
3.01457	2.2548
3.01548	2.25582
3.0164	2.25683
3.01731	2.25784
3.01822	2.25885
3.01913	2.25986
3.02004	2.26086
3.02096	2.26187
3.02187	2.26287
3.02278	2.26388
3.02369	2.26488
3.0246	2.26589
3.02552	2.26689
3.02643	2.26789
3.02734	2.26889
3.02825	2.26989
3.02916	2.27089
3.03008	2.27188
3.03099	2.27288
3.0319	2.27388
3.03281	2.27487
3.03372	2.27587
3.03464	2.27686
3.03555	2.27785
3.03646	2.27884
3.03737	2.27983
3.03828	2.28082
3.0392	2.28181
3.04011	2.2828
3.04102	2.28378
3.04193	2.28477
3.04284	2.28576
3.04376	2.28674
3.04467	2.28772
3.04558	2.28871
3.04649	2.28969
3.0474	2.29067
3.04832	2.29165
3.04923	2.29263
3.05014	2.2936
3.05105	2.29458
3.05196	2.29556
3.05288	2.29653
3.05379	2.29751
3.0547	2.29848
3.05561	2.29945
3.05652	2.30043
3.05744	2.3014
3.05835	2.30237
3.05926	2.30334
3.06017	2.30431
3.06108	2.30527
3.062	2.30624
3.06291	2.30721
3.06382	2.30817
3.06473	2.30914
3.06564	2.3101
3.06656	2.31106
3.06747	2.31202
3.06838	2.31298
3.06929	2.31394
3.0702	2.3149
3.07112	2.31586
3.07203	2.31682
3.07294	2.31778
3.07385	2.31873
3.07476	2.31969
3.07568	2.32064
3.07659	2.32159
3.0775	2.32255
3.07841	2.3235
3.07932	2.32445
3.08024	2.3254
3.08115	2.32635
3.08206	2.3273
3.08297	2.32824
3.08388	2.32919
3.0848	2.33014
3.08571	2.33108
3.08662	2.33202
3.08753	2.33297
3.08844	2.33391
3.08936	2.33485
3.09027	2.33579
3.09118	2.33673
3.09209	2.33767
3.093	2.33861
3.09392	2.33955
3.09483	2.34049
3.09574	2.34142
3.09665	2.34236
3.09756	2.34329
3.09848	2.34422
3.09939	2.34516
3.1003	2.34609
3.10121	2.34702
3.10212	2.34795
3.10304	2.34888
3.10395	2.34981
3.10486	2.35074
3.10577	2.35166
3.10668	2.35259
3.1076	2.35351
3.10851	2.35444
3.10942	2.35536
3.11033	2.35629
3.11124	2.35721
3.11216	2.35813
3.11307	2.35905
3.11398	2.35997
3.11489	2.36089
3.1158	2.36181
4.00205	1.66593
4.00296	1.66679
4.00387	1.66765
4.00478	1.66851
4.0057	1.66936
4.00661	1.67022
4.00752	1.67107
4.00843	1.67193
4.00934	1.67278
4.01026	1.67364
4.01117	1.67449
4.01208	1.67534
4.01299	1.6762
4.0139	1.67705
4.01482	1.6779
4.01573	1.67875
4.01664	1.6796
4.01755	1.68045
4.01846	1.6813
4.01938	1.68215
4.02029	1.683
4.0212	1.68384
4.02211	1.68469
4.02302	1.68554
4.02394	1.68638
4.02485	1.68723
4.02576	1.68808
4.02667	1.68892
4.02758	1.68976
4.0285	1.69061
4.02941	1.69145
4.03032	1.69229
4.03123	1.69314
4.03214	1.69398
4.03306	1.69482
4.03397	1.69566
4.03488	1.6965
4.03579	1.69734
4.0367	1.69818
4.03762	1.69902
4.03853	1.69985
4.03944	1.70069
4.04035	1.70153
4.04126	1.70237
4.04218	1.7032
4.04309	1.70404
4.044	1.70487
4.04582	1.7052
4.04673	1.70603
4.04764	1.70687
4.22456	1.61449
4.22547	1.6153
4.22638	1.61612
4.22729	1.61693
4.22821	1.61774
4.22912	1.61855
4.23003	1.61936
4.23094	1.62017
4.23185	1.62098
4.23277	1.62179
4.23368	1.6226
4.23459	1.62341
4.2355	1.62422
4.23641	1.62503
4.23733	1.62584
4.23824	1.62664
4.23915	1.62745
4.24006	1.62825
4.24097	1.62906
4.24189	1.62987
4.2428	1.63067
4.24371	1.63147
4.24462	1.63228
4.24553	1.63308
4.24645	1.63388
4.24736	1.63469
4.24827	1.63549
4.24918	1.63629
4.25009	1.63709
4.25101	1.63789
4.25192	1.63869
4.25283	1.63949
4.25374	1.64029
4.25465	1.64109
4.25557	1.64189
4.25648	1.64269
4.25739	1.64348
4.2583	1.64428
4.25921	1.64508
4.26013	1.64587
4.26104	1.64667
4.26195	1.64747
4.26286	1.64826
4.26377	1.64906
4.26469	1.64985
4.2656	1.65064
4.26651	1.65144
4.26742	1.65223
4.26833	1.65302
4.26925	1.65381
4.27016	1.6546
4.27107	1.65539
4.27198	1.65618
4.27289	1.65697
4.27381	1.65776
4.27472	1.65855
4.27563	1.65934
4.27654	1.66013
4.27745	1.66092
4.27837	1.66171
4.27928	1.66249
4.28019	1.66328
4.2811	1.66407
4.28201	1.66485
4.28293	1.66564
4.28384	1.66642
4.28475	1.6672
4.28566	1.66799
4.28657	1.66877
4.28749	1.66956
4.2884	1.67034
4.28931	1.67112
4.29022	1.6719
4.29113	1.67268
4.29205	1.67346
4.29296	1.67424
4.29387	1.67502
4.29478	1.6758
4.29569	1.67658
4.29661	1.67736
4.29752	1.67814
4.29843	1.67892
4.29934	1.67969
4.30025	1.68047
4.30117	1.68125
4.30208	1.68202
4.30299	1.6828
4.3039	1.68358
4.30481	1.68435
4.30937	1.68327
4.31028	1.68404
4.3112	1.68482
4.31211	1.68559
4.31302	1.68636
4.31393	1.68713
4.31484	1.6879
4.31576	1.68867
4.31667	1.68945
4.31758	1.69022
4.31849	1.69099
4.3194	1.69175
4.32032	1.69252
4.32123	1.69329
4.32214	1.69406
4.32305	1.69483
4.32396	1.6956
4.37958	1.6689
4.38049	1.66966
4.38141	1.67042
4.38232	1.67119
4.38323	1.67195
4.38414	1.67271
4.38505	1.67346
4.38597	1.67422
4.38688	1.67498
4.38779	1.67574
4.3887	1.6765
4.38961	1.67726
4.39053	1.67801
4.39144	1.67877
4.39235	1.67952
4.39326	1.68028
4.39417	1.68104
4.39509	1.68179
4.396	1.68254
4.39691	1.6833
4.39782	1.68405
4.39873	1.68481
4.39965	1.68556
4.40056	1.68631
4.40147	1.68706
4.40238	1.68781
4.40329	1.68857
4.40421	1.68932
4.40512	1.69007
4.40603	1.69082
4.40694	1.69157
4.40785	1.69232
4.40877	1.69307
4.40968	1.69381
4.41059	1.69456
4.4115	1.69531
4.41241	1.69606
4.41333	1.6968
4.41424	1.69755
4.41515	1.6983
4.41606	1.69904
4.41697	1.69979
4.41789	1.70053
4.4188	1.70128
4.41971	1.70202
4.42062	1.70276
4.42153	1.70351
4.42245	1.70425
4.42336	1.70499
4.42427	1.70573
4.42518	1.70648
4.42609	1.70722
4.42701	1.70796
4.42792	1.7087
4.42883	1.70944
4.42974	1.71018
4.43065	1.71092
4.43157	1.71166
4.43248	1.7124
4.43339	1.71313
4.4343	1.71387
4.43521	1.71461
4.43613	1.71535
4.43704	1.71608
4.43795	1.71682
4.43886	1.71755
4.43977	1.71829
4.44069	1.71902
4.4416	1.71976
4.44251	1.72049
4.44342	1.72123
4.44433	1.72196
4.44525	1.72269
4.44616	1.72343
4.44707	1.72416
4.44798	1.72489
4.44889	1.72562
4.44981	1.72635
4.45072	1.72708
4.45163	1.72781
4.45254	1.72854
4.45345	1.72927
4.45437	1.73
4.45528	1.73073
4.45619	1.73146
4.4571	1.73219
4.45801	1.73292
4.45893	1.73364
4.45984	1.73437
4.46075	1.7351
4.46166	1.73582
4.46257	1.73655
4.46349	1.73727
4.4644	1.738
4.46531	1.73872
4.46622	1.73945
4.46713	1.74017
4.46805	1.74089
4.46896	1.74162
4.46987	1.74234
4.47078	1.74306
4.47169	1.74378
4.47261	1.74451
4.47352	1.74523
4.47443	1.74595
4.47534	1.74667
4.47625	1.74739
4.47717	1.74811
4.47808	1.74883
4.47899	1.74955
4.4799	1.75027
4.48081	1.75098
4.48173	1.7517
4.48264	1.75242
4.48355	1.75314
4.48446	1.75385
4.48537	1.75457
4.48629	1.75528
4.4872	1.756
4.48811	1.75672
4.48902	1.75743
4.48993	1.75814
4.49085	1.75886
4.49176	1.75957
4.49267	1.76029
4.49358	1.761
4.49449	1.76171
4.49541	1.76242
4.49632	1.76313
4.49723	1.76385
4.49814	1.76456
4.49905	1.76527
4.49997	1.76598
4.50088	1.76669
4.50179	1.7674
4.5027	1.76811
4.50361	1.76882
4.58484	1.72988
4.58575	1.73058
4.58666	1.73129
4.58757	1.73199
4.58849	1.73269
4.5894	1.73339
4.59031	1.73409
4.59122	1.73479
4.59213	1.73549
4.59305	1.73619
4.59396	1.73689
4.59487	1.73759
4.59578	1.73829
4.59669	1.73898
4.59761	1.73968
4.59852	1.74038
4.59943	1.74108
4.60034	1.74177
4.60125	1.74247
4.60217	1.74316
4.60308	1.74386
4.60399	1.74456
4.6049	1.74525
4.60581	1.74594
4.60673	1.74664
4.60764	1.74733
4.60855	1.74803
4.60946	1.74872
4.61037	1.74941
4.61129	1.7501
4.6122	1.7508
4.61311	1.75149
4.61402	1.75218
4.61493	1.75287
4.61585	1.75356
4.61676	1.75425
4.61767	1.75494
4.61858	1.75563
4.61949	1.75632
4.62041	1.75701
4.62132	1.7577
4.62223	1.75839
4.62314	1.75907
4.62405	1.75976
4.62497	1.76045
4.62588	1.76114
4.62679	1.76182
4.6277	1.76251
4.62861	1.76319
4.62953	1.76388
4.63044	1.76456
4.63135	1.76525
4.63226	1.76593
4.63317	1.76662
4.63409	1.7673
4.635	1.76799
4.63591	1.76867
4.63682	1.76935
4.63773	1.77003
4.63865	1.77072
4.63956	1.7714
4.64047	1.77208
4.64138	1.77276
4.64229	1.77344
4.64321	1.77412
4.64412	1.7748
4.64503	1.77548
4.64594	1.77616
4.64685	1.77684
4.64777	1.77752
4.64868	1.7782
4.64959	1.77887
4.6505	1.77955
4.65141	1.78023
4.65233	1.78091
4.65324	1.78158
4.65415	1.78226
4.65506	1.78293
4.65597	1.78361
4.65689	1.78429
4.6578	1.78496
4.65871	1.78563
4.65962	1.78631
4.66053	1.78698
4.66145	1.78766
4.66236	1.78833
4.66327	1.789
4.66418	1.78968
4.66509	1.79035
4.66601	1.79102
4.66692	1.79169
4.66783	1.79236
4.66874	1.79303
4.66965	1.7937
4.67057	1.79437
4.67148	1.79504
4.67239	1.79571
4.6733	1.79638
4.67421	1.79705
4.67513	1.79772
4.67604	1.79839
4.67695	1.79906
4.67786	1.79972
4.67877	1.80039
4.67969	1.80106
4.6806	1.80172
4.68151	1.80239
4.68242	1.80306
4.68333	1.80372
4.68425	1.80439
4.68516	1.80505
4.68607	1.80572
4.68698	1.80638
4.68789	1.80705
4.68881	1.80771
4.68972	1.80837
4.69063	1.80904
4.69154	1.8097
4.69245	1.81036
4.69337	1.81102
4.69428	1.81168
4.69519	1.81235
4.6961	1.81301
4.69701	1.81367
4.69793	1.81433
4.69884	1.81499
4.69975	1.81565
4.70066	1.81631
4.70157	1.81697
4.70249	1.81762
4.7034	1.81828
4.70431	1.81894
4.70522	1.8196
4.70613	1.82026
4.70705	1.82091
4.70796	1.82157
4.70887	1.82223
4.70978	1.82288
4.71069	1.82354
4.71161	1.82419
4.71252	1.82485
4.71343	1.8255
4.71434	1.82616
4.71525	1.82681
4.71617	1.82747
4.71708	1.82812
4.71799	1.82877
4.7189	1.82943
4.71981	1.83008
4.72073	1.83073
4.72164	1.83138
4.72255	1.83203
4.72346	1.83269
4.72437	1.83334
4.72529	1.83399
4.7262	1.83464
4.72711	1.83529
4.72802	1.83594
4.72893	1.83659
4.72985	1.83724
4.73076	1.83788
4.73167	1.83853
4.73258	1.83918
4.73349	1.83983
4.73441	1.84048
4.73532	1.84112
4.73623	1.84177
4.73714	1.84242
4.73805	1.84306
4.73897	1.84371
4.73988	1.84436
4.74079	1.845
4.7417	1.84565
4.74261	1.84629
4.74353	1.84693
4.74444	1.84758
4.74535	1.84822
4.74626	1.84887
4.74717	1.84951
4.74809	1.85015
4.749	1.85079
4.74991	1.85144
4.75082	1.85208
4.75173	1.85272
4.75265	1.85336
4.75356	1.854
4.75447	1.85464
4.75538	1.85528
4.75629	1.85592
4.75721	1.85656
4.75812	1.8572
4.75903	1.85784
4.75994	1.85848
4.76085	1.85912
4.76177	1.85976
4.76268	1.86039
4.76359	1.86103
4.7645	1.86167
4.76541	1.86231
4.76633	1.86294
4.76724	1.86358
4.76815	1.86421
4.76906	1.86485
4.76997	1.86549
4.77089	1.86612
4.7718	1.86676
4.77271	1.86739
4.77362	1.86802
4.77453	1.86866
4.77545	1.86929
4.77636	1.86992
4.77727	1.87056
4.77818	1.87119
4.77909	1.87182
4.78001	1.87245
4.78092	1.87309
4.78183	1.87372
4.78274	1.87435
4.78365	1.87498
4.78457	1.87561
4.78548	1.87624
4.78639	1.87687
4.7873	1.8775
4.78821	1.87813
4.78913	1.87876
4.79004	1.87939
4.79095	1.88001
4.79186	1.88064
4.79277	1.88127
4.79369	1.8819
4.7946	1.88252
4.79551	1.88315
4.79642	1.88378
4.79733	1.8844
4.79825	1.88503
4.79916	1.88566
4.80007	1.88628
4.80098	1.88691
4.91224	1.83429
4.91315	1.83491
4.91406	1.83553
4.91498	1.83615
4.91589	1.83677
4.9168	1.83739
4.91771	1.838
4.91862	1.83862
4.91954	1.83924
4.92045	1.83986
4.92136	1.84047
4.92227	1.84109
4.92318	1.8417
4.9241	1.84232
4.92501	1.84294
4.92592	1.84355
4.97971	1.81966
4.98063	1.82027
4.98154	1.82088
4.98245	1.8215
4.98336	1.82211
4.98427	1.82272
4.98519	1.82333
4.9861	1.82394
4.98701	1.82455
4.98792	1.82516
4.98883	1.82577
4.98975	1.82638
4.99066	1.82699
4.99157	1.8276
4.99248	1.8282
4.99339	1.82881
4.99431	1.82942
4.99522	1.83003
4.99613	1.83064
4.99704	1.83124
4.99795	1.83185
4.99887	1.83246
4.99978	1.83306
5.07729	1.79922
5.0782	1.79982
5.07912	1.80042
5.08003	1.80102
5.08094	1.80162
5.08185	1.80223
5.08276	1.80283
5.08368	1.80343
5.08459	1.80403
5.0855	1.80463
5.08641	1.80523
5.08732	1.80583
5.08824	1.80642
5.08915	1.80702
5.09006	1.80762
5.09097	1.80822
5.09188	1.80882
5.0928	1.80942
5.09371	1.81001
5.09462	1.81061
5.09553	1.81121
5.09644	1.8118
5.09736	1.8124
5.09827	1.813
5.09918	1.81359
5.10009	1.81419
5.101	1.81478
5.10192	1.81538
5.10283	1.81597
5.10374	1.81657
5.10465	1.81716
5.10556	1.81776
5.10647	1.81835
5.10739	1.81894
5.1083	1.81954
5.10921	1.82013
5.11012	1.82072
5.11103	1.82131
5.11195	1.82191
5.11286	1.8225
5.11377	1.82309
5.11468	1.82368
5.11559	1.82427
5.11651	1.82486
5.11742	1.82545
5.11833	1.82604
5.11924	1.82663
5.12015	1.82722
5.12107	1.82781
5.12198	1.8284
5.12289	1.82899
5.1238	1.82958
5.12471	1.83017
5.12563	1.83076
5.12654	1.83135
5.12745	1.83193
5.12836	1.83252
5.12927	1.83311
5.13019	1.8337
5.1311	1.83428
5.13201	1.83487
5.13292	1.83545
5.13383	1.83604
5.13475	1.83663
5.13566	1.83721
5.13657	1.8378
5.13748	1.83838
5.13839	1.83897
5.13931	1.83955
5.14022	1.84013
5.14113	1.84072
5.14204	1.8413
5.14295	1.84189
5.14387	1.84247
5.14478	1.84305
5.14569	1.84363
5.22502	1.80999
5.22594	1.81056
5.22685	1.81114
5.22776	1.81172
5.22867	1.8123
5.22958	1.81288
5.2305	1.81345
5.23141	1.81403
5.23232	1.81461
5.23323	1.81518
5.23414	1.81576
5.23506	1.81634
5.23597	1.81691
5.23688	1.81749
5.23779	1.81806
5.2387	1.81864
5.23962	1.81921
5.24053	1.81979
5.24144	1.82036
5.24235	1.82094
5.24326	1.82151
5.24418	1.82208
5.24509	1.82266
5.246	1.82323
5.24691	1.8238
5.24782	1.82438
5.24874	1.82495
5.24965	1.82552
5.25056	1.82609
5.25147	1.82667
5.25238	1.82724
5.2533	1.82781
5.25421	1.82838
5.25512	1.82895
5.25603	1.82952
5.25694	1.83009
5.25786	1.83066
5.25877	1.83123
5.25968	1.8318
5.26059	1.83237
5.2615	1.83294
5.26242	1.83351
5.26333	1.83408
5.26424	1.83464
5.26515	1.83521
5.26606	1.83578
5.26698	1.83635
5.26789	1.83691
5.2688	1.83748
5.26971	1.83805
5.27062	1.83861
5.27154	1.83918
5.27245	1.83975
5.27336	1.84031
5.27427	1.84088
5.27518	1.84144
5.2761	1.84201
5.27701	1.84257
5.27792	1.84314
5.27883	1.8437
5.27974	1.84427
5.28066	1.84483
5.28157	1.8454
5.28248	1.84596
5.28339	1.84652
5.2843	1.84708
5.28522	1.84765
5.28613	1.84821
5.28704	1.84877
5.28795	1.84933
5.28886	1.8499
5.28978	1.85046
5.3992	1.80536
5.40012	1.80592
5.40103	1.80647
5.40194	1.80703
5.40285	1.80758
5.40376	1.80814
5.40468	1.8087
5.40559	1.80925
5.4065	1.80981
5.40741	1.81036
5.40832	1.81092
5.40924	1.81147
5.41015	1.81202
5.41106	1.81258
5.41197	1.81313
5.41288	1.81369
5.4138	1.81424
5.41471	1.81479
5.41562	1.81534
5.41653	1.8159
5.41744	1.81645
5.41836	1.817
5.41927	1.81755
5.42018	1.81811
5.42109	1.81866
5.422	1.81921
5.42292	1.81976
5.42383	1.82031
5.42474	1.82086
5.42565	1.82141
5.42656	1.82196
5.42748	1.82251
5.42839	1.82306
5.4293	1.82361
5.43021	1.82416
5.43112	1.82471
5.43204	1.82526
5.43295	1.8258
5.43386	1.82635
5.43477	1.8269
5.43568	1.82745
5.4366	1.828
5.43751	1.82854
5.43842	1.82909
5.43933	1.82964
5.44024	1.83018
5.44116	1.83073
5.44207	1.83128
5.44298	1.83182
5.44389	1.83237
5.4448	1.83291
5.44572	1.83346
5.44663	1.834
5.44754	1.83455
5.44845	1.83509
5.44936	1.83564
5.45028	1.83618
5.45119	1.83673
5.51435	1.81194
5.51526	1.81248
5.51617	1.81302
5.51708	1.81356
5.51799	1.8141
5.51891	1.81464
5.51982	1.81518
5.52073	1.81572
5.52164	1.81626
5.52255	1.8168
5.52347	1.81734
5.52438	1.81788
5.52529	1.81842
5.5262	1.81896
5.52711	1.81949
5.52803	1.82003
5.52894	1.82057
5.52985	1.82111
5.53076	1.82164
5.53167	1.82218
5.53259	1.82272
5.5335	1.82326
5.53441	1.82379
5.53532	1.82433
5.53623	1.82486
5.53715	1.8254
5.53806	1.82594
5.53897	1.82647
5.53988	1.82701
5.54079	1.82754
5.54171	1.82808
5.54262	1.82861
5.54353	1.82915
5.54444	1.82968
5.54535	1.83021
5.54627	1.83075
5.54718	1.83128
5.54809	1.83182
5.549	1.83235
5.54991	1.83288
5.55083	1.83341
5.55174	1.83395
5.55265	1.83448
5.55356	1.83501
5.55447	1.83554
5.55539	1.83608
5.5563	1.83661
5.55721	1.83714
5.55812	1.83767
5.55903	1.8382
5.55995	1.83873
5.56086	1.83926
5.56177	1.83979
5.56268	1.84032
5.56359	1.84085
5.56451	1.84138
5.56542	1.84191
5.56633	1.84244
5.56724	1.84297
5.56815	1.8435
5.56907	1.84402
5.56998	1.84455
5.57089	1.84508
5.5718	1.84561
5.57271	1.84614
5.57363	1.84666
5.57454	1.84719
5.57545	1.84772
5.57636	1.84825
5.57727	1.84877
5.57819	1.8493
5.5791	1.84982
5.58001	1.85035
5.58092	1.85088
5.58183	1.8514
5.58275	1.85193
5.58366	1.85245
5.58457	1.85298
5.58548	1.8535
5.58639	1.85403
5.58731	1.85455
5.58822	1.85507
5.58913	1.8556
5.59004	1.85612
5.59095	1.85665
5.59187	1.85717
5.59278	1.85769
5.59369	1.85821
5.5946	1.85874
5.59551	1.85926
5.59643	1.85978
5.59734	1.8603
5.59825	1.86083
5.59916	1.86135
5.60007	1.86187
5.60099	1.86239
5.6019	1.86291
5.60281	1.86343
5.60372	1.86395
5.60463	1.86447
5.60555	1.86499
5.60646	1.86551
5.60737	1.86603
5.60828	1.86655
5.60919	1.86707
5.61011	1.86759
5.61102	1.86811
5.61193	1.86863
5.61284	1.86915
5.61375	1.86967
5.61467	1.87018
5.61558	1.8707
5.61649	1.87122
5.6174	1.87174
5.61831	1.87225
5.61923	1.87277
5.62014	1.87329
5.62105	1.8738
5.62196	1.87432
5.62287	1.87484
5.62379	1.87535
5.6247	1.87587
5.62561	1.87638
5.62652	1.8769
5.62743	1.87742
5.62835	1.87793
5.62926	1.87845
5.63017	1.87896
5.63108	1.87947
5.63199	1.87999
5.63291	1.8805
5.63382	1.88102
5.63473	1.88153
5.63564	1.88204
5.63655	1.88256
5.63747	1.88307
5.63838	1.88358
5.63929	1.88409
5.6402	1.88461
5.64111	1.88512
5.64203	1.88563
5.64294	1.88614
5.64385	1.88665
5.64476	1.88717
5.64567	1.88768
5.64659	1.88819
5.6475	1.8887
5.64841	1.88921
5.64932	1.88972
5.65023	1.89023
5.65115	1.89074
5.65206	1.89125
5.65297	1.89176
5.65388	1.89227
5.65479	1.89278
5.65571	1.89329
5.65662	1.8938
5.65753	1.89431
5.65844	1.89481
5.65935	1.89532
5.66027	1.89583
5.66118	1.89634
5.66209	1.89685
5.663	1.89735
5.66391	1.89786
5.66483	1.89837
5.66574	1.89887
5.66665	1.89938
5.66756	1.89989
5.66847	1.90039
5.66939	1.9009
5.6703	1.9014
5.67121	1.90191
5.67212	1.90242
5.67303	1.90292
5.67395	1.90343
5.67486	1.90393
5.67577	1.90444
5.67668	1.90494
5.67759	1.90544
5.67851	1.90595
5.67942	1.90645
5.68033	1.90696
5.68124	1.90746
5.68215	1.90796
5.68307	1.90847
5.68398	1.90897
5.68489	1.90947
5.6858	1.90997
5.68671	1.91048
5.68763	1.91098
5.68854	1.91148
5.68945	1.91198
5.69036	1.91248
5.69127	1.91298
5.69219	1.91349
5.6931	1.91399
5.69401	1.91449
5.69492	1.91499
5.69583	1.91549
5.69675	1.91599
5.69766	1.91649
5.69857	1.91699
5.69948	1.91749
5.70039	1.91799
5.70131	1.91849
5.70222	1.91899
5.70313	1.91948
5.70404	1.91998
5.70495	1.92048
5.71407	1.91764
5.71498	1.91813
5.71589	1.91863
5.71681	1.91913
5.71772	1.91963
5.71863	1.92012
5.71954	1.92062
5.72045	1.92112
5.72137	1.92161
5.72228	1.92211
5.72319	1.92261
5.7241	1.9231
5.72501	1.9236
5.72593	1.92409
5.72684	1.92459
5.72775	1.92508
5.72866	1.92558
5.72957	1.92607
5.73049	1.92657
5.7314	1.92706
5.73231	1.92756
5.73322	1.92805
5.73413	1.92854
5.73505	1.92904
5.73596	1.92953
5.76057	1.92041
5.76148	1.92091
5.7624	1.9214
5.76331	1.92189
5.76422	1.92238
5.76513	1.92287
5.76604	1.92337
5.76696	1.92386
5.76787	1.92435
5.76878	1.92484
5.76969	1.92533
5.7706	1.92582
5.77152	1.92631
5.77243	1.9268
5.77334	1.92729
5.77425	1.92778
5.77516	1.92827
5.77608	1.92876
5.77699	1.92925
5.7779	1.92974
5.77881	1.93023
5.77972	1.93072
5.78064	1.9312
5.78155	1.93169
5.78246	1.93218
5.78337	1.93267
5.78428	1.93316
5.7852	1.93364
5.78611	1.93413
5.78702	1.93462
5.78793	1.93511
5.78884	1.93559
5.78976	1.93608
5.79067	1.93657
5.79158	1.93705
5.79249	1.93754
5.7934	1.93802
5.79432	1.93851
5.79523	1.93899
5.79614	1.93948
5.79705	1.93996
5.79796	1.94045
5.85906	1.9169
5.85997	1.91738
5.86088	1.91786
5.86179	1.91834
5.8627	1.91883
5.86362	1.91931
5.86453	1.91979
5.86544	1.92027
5.86635	1.92076
5.86726	1.92124
5.86818	1.92172
5.86909	1.9222
5.87	1.92268
5.87091	1.92316
5.87182	1.92364
5.87274	1.92412
5.87365	1.9246
5.87456	1.92508
5.87547	1.92556
5.87638	1.92604
5.8773	1.92652
5.87821	1.927
5.87912	1.92748
5.88003	1.92796
5.88094	1.92844
5.88186	1.92892
5.88277	1.9294
5.88368	1.92988
5.88459	1.93035
5.8864	1.93048
5.88732	1.93095
5.88823	1.93143
5.88914	1.93191
5.89005	1.93239
5.89096	1.93286
5.89188	1.93334
5.89279	1.93382
5.8937	1.93429
5.89461	1.93477
5.89552	1.93525
5.89644	1.93572
5.89735	1.9362
5.89826	1.93667
5.89917	1.93715
5.90008	1.93763
5.901	1.9381
5.90191	1.93858
5.90282	1.93905
5.90373	1.93953
5.90464	1.94
5.90556	1.94047
5.90647	1.94095
5.90738	1.94142
5.90829	1.9419
5.9092	1.94237
5.91012	1.94284
5.91103	1.94332
5.91194	1.94379
5.91285	1.94426
5.91376	1.94474
5.91468	1.94521
5.91559	1.94568
5.9165	1.94615
5.91741	1.94662
5.91832	1.9471
5.91924	1.94757
5.97486	1.92661
5.97578	1.92708
5.97669	1.92755
5.9776	1.92802
5.97851	1.92849
5.97942	1.92896
5.98034	1.92943
5.98125	1.9299
5.98216	1.93037
5.98307	1.93084
5.98398	1.93131
5.9849	1.93177
5.98581	1.93224
5.98672	1.93271
5.98763	1.93318
5.98854	1.93365
5.98946	1.93411
5.99037	1.93458
5.99128	1.93505
5.99219	1.93552
5.9931	1.93598
5.99402	1.93645
5.99493	1.93692
5.99584	1.93738
5.99675	1.93785
5.99766	1.93831
5.99858	1.93878
5.99949	1.93925
6.0004	1.93971
6.00131	1.94018
6.00222	1.94064
6.00314	1.94111
6.00405	1.94157
6.00496	1.94204
6.00587	1.9425
6.00678	1.94296
6.0077	1.94343
6.00861	1.94389
6.00952	1.94436
6.01043	1.94482
6.01134	1.94528
6.01226	1.94575
6.01317	1.94621
6.01408	1.94667
6.01499	1.94713
6.0159	1.9476
6.01682	1.94806
6.01773	1.94852
6.01864	1.94898
6.01955	1.94945
6.02046	1.94991
6.02138	1.95037
6.02229	1.95083
6.0232	1.95129
6.02411	1.95175
6.02502	1.95221
6.02594	1.95267
6.02685	1.95314
6.02776	1.9536
6.02867	1.95406
6.02958	1.95452
6.0305	1.95498
6.03141	1.95544
6.03232	1.95589
6.03323	1.95635
6.03414	1.95681
6.03506	1.95727
6.03597	1.95773
6.03688	1.95819
6.03779	1.95865
6.0387	1.95911
6.03962	1.95957
6.04053	1.96002
6.04144	1.96048
6.04235	1.96094
6.04326	1.9614
6.04418	1.96185
6.04509	1.96231
6.046	1.96277
6.04691	1.96323
6.04782	1.96368
6.04874	1.96414
6.04965	1.96459
6.05056	1.96505
6.05147	1.96551
6.05238	1.96596
6.0533	1.96642
6.05421	1.96687
6.05512	1.96733
6.05603	1.96779
6.05694	1.96824
6.05786	1.9687
6.05877	1.96915
6.05968	1.9696
6.06059	1.97006
6.0615	1.97051
6.06242	1.97097
6.06333	1.97142
6.06424	1.97188
6.06515	1.97233
6.06606	1.97278
6.06698	1.97324
6.06789	1.97369
6.0688	1.97414
6.06971	1.97459
6.07062	1.97505
6.07154	1.9755
6.07245	1.97595
6.07336	1.9764
6.07427	1.97686
6.07518	1.97731
6.0761	1.97776
6.07701	1.97821
6.07792	1.97866
6.07883	1.97911
6.07974	1.97956
6.08066	1.98002
6.08157	1.98047
6.08248	1.98092
6.08339	1.98137
6.0843	1.98182
6.08522	1.98227
6.08613	1.98272
6.08704	1.98317
6.08795	1.98362
6.08886	1.98407
6.08978	1.98452
6.09069	1.98496
6.09707	1.98328
6.09798	1.98373
6.09889	1.98418
6.0998	1.98463
6.10071	1.98508
6.10163	1.98553
6.10254	1.98597
6.10345	1.98642
6.10436	1.98687
6.10527	1.98732
6.10619	1.98776
6.1071	1.98821
6.10801	1.98866
6.10892	1.9891
6.10983	1.98955
6.11075	1.99
6.11166	1.99044
6.11257	1.99089
6.11348	1.99133
6.11439	1.99178
6.11531	1.99223
6.11622	1.99267
6.11713	1.99312
6.11804	1.99356
6.11895	1.99401
6.11987	1.99445
6.12078	1.9949
6.20923	1.96181
6.21014	1.96225
6.21105	1.9627
6.21196	1.96314
6.21287	1.96358
6.21379	1.96402
6.2147	1.96447
6.21561	1.96491
6.21652	1.96535
6.21743	1.96579
6.21835	1.96623
6.21926	1.96667
6.22017	1.96711
6.22108	1.96756
6.22199	1.968
6.22291	1.96844
6.22382	1.96888
6.22473	1.96932
6.22564	1.96976
6.22655	1.9702
6.22747	1.97064
6.22838	1.97108
6.22929	1.97152
6.2302	1.97196
6.23111	1.9724
6.23203	1.97283
6.23294	1.97327
6.23385	1.97371
6.23476	1.97415
6.23567	1.97459
6.23659	1.97503
6.2375	1.97547
6.23841	1.9759
6.23932	1.97634
6.24023	1.97678
6.24115	1.97722
6.24206	1.97765
6.24297	1.97809
6.24388	1.97853
6.24479	1.97896
6.24571	1.9794
6.24662	1.97984
6.24753	1.98027
6.24844	1.98071
6.24935	1.98115
6.25027	1.98158
6.25118	1.98202
6.25209	1.98245
6.28491	1.97092
6.28583	1.97135
6.28674	1.97179
6.28765	1.97222
6.28856	1.97266
6.28947	1.97309
6.29039	1.97352
6.2913	1.97396
6.29221	1.97439
6.29312	1.97483
6.29403	1.97526
6.29495	1.97569
6.29586	1.97613
6.29677	1.97656
6.29768	1.97699
6.29859	1.97742
6.29951	1.97786
6.30042	1.97829
6.30133	1.97872
6.30224	1.97915
6.30315	1.97959
6.30407	1.98002
6.30498	1.98045
6.30589	1.98088
6.3068	1.98131
6.30771	1.98174
6.30863	1.98217
6.30954	1.98261
6.31045	1.98304
6.31136	1.98347
6.31227	1.9839
6.31319	1.98433
6.3141	1.98476
6.31501	1.98519
6.31592	1.98562
6.31683	1.98605
6.31775	1.98648
6.31866	1.98691
6.31957	1.98734
6.32048	1.98777
6.32139	1.98819
6.32231	1.98862
6.32322	1.98905
6.32413	1.98948
6.32504	1.98991
6.32595	1.99034
6.32687	1.99077
6.32778	1.99119
6.32869	1.99162
6.3296	1.99205
6.33051	1.99248
6.33143	1.9929
6.33234	1.99333
6.33325	1.99376
6.33416	1.99419
6.33507	1.99461
6.33599	1.99504
6.38431	1.97789
6.38523	1.97832
6.38614	1.97874
6.38705	1.97917
6.38796	1.9796
6.38887	1.98002
6.38979	1.98045
6.3907	1.98087
6.39161	1.98129
6.39252	1.98172
6.39343	1.98214
6.39435	1.98257
6.39526	1.98299
6.39617	1.98342
6.39708	1.98384
6.39799	1.98426
6.39891	1.98469
6.39982	1.98511
6.40073	1.98553
6.40164	1.98596
6.40255	1.98638
6.40347	1.9868
6.40438	1.98722
6.40529	1.98765
6.4062	1.98807
6.40711	1.98849
6.40803	1.98891
6.40894	1.98934
6.40985	1.98976
6.41076	1.99018
6.41167	1.9906
6.41259	1.99102
6.4135	1.99144
6.41441	1.99186
6.41532	1.99229
6.41623	1.99271
6.41715	1.99313
6.41806	1.99355
6.41897	1.99397
6.41988	1.99439
6.42079	1.99481
6.42171	1.99523
6.42262	1.99565
6.42353	1.99607
6.42444	1.99649
6.42535	1.99691
6.42627	1.99733
6.42718	1.99774
6.42809	1.99816
6.429	1.99858
6.42991	1.999
6.43083	1.99942
6.43174	1.99984
6.43265	2.00026
6.43356	2.00067
6.43447	2.00109
6.43539	2.00151
6.4363	2.00193
6.43721	2.00234
6.43812	2.00276
6.51661	1.97501
6.51752	1.97543
6.51844	1.97584
6.51935	1.97626
6.52026	1.97667
6.52117	1.97709
6.52208	1.9775
6.523	1.97792
6.52391	1.97833
6.52482	1.97875
6.52573	1.97916
6.52664	1.97958
6.52756	1.97999
6.52847	1.98041
6.52938	1.98082
6.53029	1.98123
6.5312	1.98165
6.53212	1.98206
6.53303	1.98247
6.53394	1.98289
6.53485	1.9833
6.53576	1.98371
6.53668	1.98413
6.53759	1.98454
6.5385	1.98495
6.53941	1.98537
6.54032	1.98578
6.54124	1.98619
6.54215	1.9866
6.54306	1.98702
6.54397	1.98743
6.54488	1.98784
6.5458	1.98825
6.54671	1.98866
6.54762	1.98907
6.54853	1.98948
6.54944	1.9899
6.55036	1.99031
6.55127	1.99072
6.55218	1.99113
6.55309	1.99154
6.554	1.99195
6.55492	1.99236
6.55583	1.99277
6.55674	1.99318
6.55765	1.99359
6.55856	1.994
6.55948	1.99441
6.56039	1.99482
6.5613	1.99523
6.56221	1.99564
6.56312	1.99605
6.56404	1.99646
6.56495	1.99686
6.56586	1.99727
6.56677	1.99768
6.56768	1.99809
6.5686	1.9985
6.56951	1.99891
6.57042	1.99931
6.57133	1.99972
6.57224	2.00013
6.57316	2.00054
6.57407	2.00095
6.57498	2.00135
6.57589	2.00176
6.5768	2.00217
6.57772	2.00257
6.57863	2.00298
6.57954	2.00339
6.58045	2.00379
6.58136	2.0042
6.58228	2.00461
6.58319	2.00501
6.5841	2.00542
6.58501	2.00583
6.58592	2.00623
6.58684	2.00664
6.58775	2.00704
6.58866	2.00745
6.58957	2.00785
6.59048	2.00826
6.5914	2.00866
6.59231	2.00907
6.59322	2.00947
6.59413	2.00988
6.59504	2.01028
6.59596	2.01069
6.59687	2.01109
6.59778	2.01149
6.59869	2.0119
6.5996	2.0123
6.60052	2.01271
6.60143	2.01311
6.60234	2.01351
6.60325	2.01392
6.60416	2.01432
6.60508	2.01472
6.60599	2.01513
6.6069	2.01553
6.60781	2.01593
6.60872	2.01633
6.60964	2.01674
6.61055	2.01714
6.61146	2.01754
6.61237	2.01794
6.61328	2.01834
6.6142	2.01875
6.61511	2.01915
6.61602	2.01955
6.61693	2.01995
6.61784	2.02035
6.61876	2.02075
6.61967	2.02115
6.62058	2.02155
6.62149	2.02195
6.6224	2.02235
6.62332	2.02276
6.62423	2.02316
6.62514	2.02356
6.62605	2.02396
6.62696	2.02436
6.62788	2.02476
6.62879	2.02515
6.6297	2.02555
6.63061	2.02595
6.63152	2.02635
6.63244	2.02675
6.63335	2.02715
6.63426	2.02755
6.63517	2.02795
6.63608	2.02835
6.637	2.02875
6.63791	2.02914
6.63882	2.02954
6.63973	2.02994
6.64064	2.03034
6.64156	2.03074
6.64247	2.03113
6.64338	2.03153
6.64429	2.03193
6.6452	2.03233
6.64612	2.03272
6.64703	2.03312
6.64794	2.03352
6.64885	2.03391
6.64976	2.03431
6.65068	2.03471
6.65159	2.0351
6.6525	2.0355
6.65341	2.0359
6.65432	2.03629
6.65524	2.03669
6.65615	2.03708
6.65706	2.03748
6.65797	2.03788
6.65888	2.03827
6.6598	2.03867
6.66071	2.03906
6.66162	2.03946
6.66253	2.03985
6.66344	2.04025
6.66436	2.04064
6.66527	2.04103
6.66618	2.04143
6.66709	2.04182
6.668	2.04222
6.66892	2.04261
6.66983	2.04301
6.67074	2.0434
6.67165	2.04379
6.67256	2.04419
6.67348	2.04458
6.67439	2.04497
6.6753	2.04537
6.67621	2.04576
6.67712	2.04615
6.67804	2.04654
6.67895	2.04694
6.67986	2.04733
6.68077	2.04772
6.68168	2.04811
6.6826	2.04851
6.68351	2.0489
6.68442	2.04929
6.68533	2.04968
6.68624	2.05007
6.68716	2.05046
6.68807	2.05086
6.68898	2.05125
6.68989	2.05164
6.6908	2.05203
6.69172	2.05242
6.69263	2.05281
6.69354	2.0532
6.69445	2.05359
6.69536	2.05398
6.69628	2.05437
6.69719	2.05476
6.6981	2.05515
6.69901	2.05554
6.69992	2.05593
6.70084	2.05632
6.70175	2.05671
6.70266	2.0571
6.70357	2.05749
6.70448	2.05788
6.7054	2.05827
6.70631	2.05866
6.70722	2.05905
6.70813	2.05943
6.70904	2.05982
6.70996	2.06021
6.71087	2.0606
6.71178	2.06099
6.71269	2.06137
6.7136	2.06176
6.71452	2.06215
6.71543	2.06254
6.71634	2.06293
6.71725	2.06331
6.76284	2.0477
6.76375	2.04809
6.76467	2.04847
6.76558	2.04886
6.76649	2.04925
6.7674	2.04963
6.76831	2.05002
6.76923	2.0504
6.77014	2.05079
6.77105	2.05118
6.77196	2.05156
6.77287	2.05195
6.77379	2.05233
6.7747	2.05272
6.77561	2.0531
6.77652	2.05349
6.77743	2.05387
6.77835	2.05426
6.77926	2.05464
6.78017	2.05503
6.78108	2.05541
6.78199	2.05579
6.78291	2.05618
6.78382	2.05656
6.78473	2.05695
6.78564	2.05733
6.78655	2.05771
6.78747	2.0581
6.78838	2.05848
6.78929	2.05886
6.7902	2.05925
6.79111	2.05963
6.79203	2.06001
6.79294	2.0604
6.79385	2.06078
6.79476	2.06116
6.79567	2.06154
6.79659	2.06193
6.7975	2.06231
6.79841	2.06269
6.79932	2.06307
6.80023	2.06345
6.80115	2.06383
6.80206	2.06422
6.80297	2.0646
6.80388	2.06498
6.80479	2.06536
6.80571	2.06574
6.80662	2.06612
6.86589	2.04594
6.86681	2.04632
6.86772	2.0467
6.86863	2.04708
6.86954	2.04746
6.87045	2.04784
6.87137	2.04822
6.87228	2.0486
6.87319	2.04898
6.8741	2.04936
6.87501	2.04974
6.87593	2.05012
6.87684	2.0505
6.87775	2.05087
6.87866	2.05125
6.87957	2.05163
6.88049	2.05201
6.8814	2.05239
6.88231	2.05277
6.88322	2.05314
6.88413	2.05352
6.88505	2.0539
6.88596	2.05428
6.88687	2.05465
6.88778	2.05503
6.88869	2.05541
6.88961	2.05579
6.89052	2.05616
6.89143	2.05654
6.89234	2.05692
6.89325	2.05729
6.89417	2.05767
6.89508	2.05805
6.89599	2.05842
6.8969	2.0588
6.89781	2.05918
6.89873	2.05955
6.89964	2.05993
6.90055	2.0603
6.9507	2.04363
6.95161	2.04401
6.95252	2.04438
6.95343	2.04476
6.95434	2.04513
6.95526	2.0455
6.95617	2.04588
6.95708	2.04625
6.95799	2.04663
6.99355	2.03517
6.99446	2.03554
6.99537	2.03592
6.99629	2.03629
6.9972	2.03666
6.99811	2.03704
6.99902	2.03741
6.99993	2.03778
7.00085	2.03816
7.00176	2.03853
7.00267	2.0389
7.00358	2.03927
7.00449	2.03965
7.00541	2.04002
7.00632	2.04039
7.00723	2.04076
7.00814	2.04113
7.00905	2.04151
7.00997	2.04188
7.01088	2.04225
7.01179	2.04262
7.0127	2.04299
7.01361	2.04336
7.01453	2.04373
7.01544	2.04411
7.01635	2.04448
7.01726	2.04485
7.01817	2.04522
7.01909	2.04559
7.02	2.04596
7.02091	2.04633
7.02182	2.0467
7.02273	2.04707
7.02365	2.04744
7.02456	2.04781
7.02547	2.04818
7.02638	2.04855
7.02729	2.04892
7.02821	2.04929
7.02912	2.04966
7.03003	2.05003
7.03094	2.0504
7.03185	2.05077
7.03277	2.05113
7.03368	2.0515
7.03459	2.05187
7.0355	2.05224
7.03641	2.05261
7.03733	2.05298
7.03824	2.05335
7.03915	2.05371
7.04006	2.05408
7.04097	2.05445
7.04189	2.05482
7.0428	2.05519
7.04371	2.05555
7.04462	2.05592
7.04553	2.05629
7.04645	2.05666
7.04736	2.05702
7.04827	2.05739
7.04918	2.05776
7.05009	2.05812
7.05101	2.05849
7.05192	2.05886
7.05283	2.05922
7.05374	2.05959
7.05465	2.05996
7.05557	2.06032
7.05648	2.06069
7.05739	2.06105
7.0583	2.06142
7.05921	2.06179
7.06013	2.06215
7.06104	2.06252
7.06195	2.06288
7.06286	2.06325
7.06377	2.06361
7.06469	2.06398
7.0656	2.06434
7.06651	2.06471
7.06742	2.06507
7.06833	2.06544
7.06925	2.0658
7.07016	2.06617
7.07107	2.06653
7.07198	2.06689
7.07289	2.06726
7.07381	2.06762
7.07472	2.06799
7.07563	2.06835
7.07654	2.06871
7.07745	2.06908
7.07837	2.06944
7.07928	2.0698
7.08019	2.07017
7.0811	2.07053
7.08201	2.07089
7.08293	2.07126
7.08384	2.07162
7.08475	2.07198
7.08566	2.07234
7.08657	2.07271
7.08749	2.07307
7.0884	2.07343
7.08931	2.07379
7.09022	2.07415
7.09113	2.07452
7.09205	2.07488
7.09296	2.07524
7.09387	2.0756
7.09478	2.07596
7.09569	2.07632
7.1495	2.05882
7.15041	2.05919
7.15132	2.05955
7.15223	2.05991
7.15315	2.06027
7.27078	2.02227
7.27169	2.02263
7.27261	2.02299
7.33643	2.00326
7.33734	2.00362
7.33826	2.00397
7.33917	2.00433
7.34008	2.00469
7.34099	2.00505
7.3419	2.0054
7.34282	2.00576
7.34373	2.00612
7.34464	2.00648
7.34555	2.00683
7.34646	2.00719
7.34738	2.00755
7.34829	2.0079
7.3492	2.00826
7.35011	2.00862
7.35102	2.00897
7.35194	2.00933
7.35285	2.00969
7.35376	2.01004
7.35467	2.0104
7.35558	2.01075
7.3565	2.01111
7.35741	2.01147
7.35832	2.01182
7.35923	2.01218
7.36014	2.01253
7.36106	2.01289
7.36197	2.01324
7.36288	2.0136
7.36379	2.01395
7.3647	2.01431
7.36562	2.01466
7.36653	2.01502
7.36744	2.01537
7.36835	2.01573
7.36926	2.01608
7.37018	2.01644
7.37109	2.01679
7.372	2.01715
7.37291	2.0175
7.37382	2.01785
7.37474	2.01821
7.37565	2.01856
7.37656	2.01891
7.37747	2.01927
7.37838	2.01962
7.3793	2.01997
7.38021	2.02033
7.38112	2.02068
7.38203	2.02103
7.38294	2.02139
7.38386	2.02174
7.38477	2.02209
7.38568	2.02245
7.38659	2.0228
7.3875	2.02315
7.38842	2.0235
7.38933	2.02385
7.39024	2.02421
7.39115	2.02456
7.39206	2.02491
7.39298	2.02526
7.39389	2.02561
7.3948	2.02597
7.39571	2.02632
7.39662	2.02667
7.39754	2.02702
7.39845	2.02737
7.39936	2.02772
7.40027	2.02807
7.40118	2.02842
7.4021	2.02878
7.40301	2.02913
7.40392	2.02948
7.40483	2.02983
7.40574	2.03018
7.40666	2.03053
7.40757	2.03088
7.40848	2.03123
7.40939	2.03158
7.4103	2.03193
7.41122	2.03228
7.41213	2.03263
7.41304	2.03298
7.41395	2.03333
7.41486	2.03368
7.41578	2.03403
7.41669	2.03438
7.4176	2.03472
7.41851	2.03507
7.41942	2.03542
7.42034	2.03577
7.42125	2.03612
7.42216	2.03647
7.42307	2.03682
7.42398	2.03717
7.4249	2.03751
7.42581	2.03786
7.42672	2.03821
7.42763	2.03856
7.42854	2.03891
7.42946	2.03925
7.43037	2.0396
7.43128	2.03995
7.43219	2.0403
7.4331	2.04064
7.43402	2.04099
7.43493	2.04134
7.43584	2.04169
7.43675	2.04203
7.43766	2.04238
7.43858	2.04273
7.43949	2.04307
7.4404	2.04342
7.44131	2.04377
7.44222	2.04411
7.44314	2.04446
7.44405	2.04481
7.44496	2.04515
7.44587	2.0455
7.44678	2.04585
7.4477	2.04619
7.44861	2.04654
7.44952	2.04688
7.45043	2.04723
7.45134	2.04757
7.45226	2.04792
7.45317	2.04826
7.45408	2.04861
7.45499	2.04895
7.4559	2.0493
7.45682	2.04964
7.45773	2.04999
7.45864	2.05033
7.45955	2.05068
7.46046	2.05102
7.46138	2.05137
7.46229	2.05171
7.4632	2.05206
7.46411	2.0524
7.46502	2.05274
7.46594	2.05309
7.46685	2.05343
7.46776	2.05378
7.46867	2.05412
7.46958	2.05446
7.4705	2.05481
7.47141	2.05515
7.47232	2.05549
7.47323	2.05584
7.47414	2.05618
7.47506	2.05652
7.47597	2.05687
7.47688	2.05721
7.47779	2.05755
7.4787	2.05789
7.47962	2.05824
7.48053	2.05858
7.48144	2.05892
7.48235	2.05926
7.48326	2.0596
7.48418	2.05995
7.48509	2.06029
7.486	2.06063
7.48691	2.06097
7.48782	2.06131
7.48874	2.06166
7.48965	2.062
7.49056	2.06234
7.49147	2.06268
7.49238	2.06302
7.4933	2.06336
7.49421	2.0637
7.49512	2.06404
7.49603	2.06438
7.49694	2.06472
7.49786	2.06507
7.49877	2.06541
7.49968	2.06575
7.50059	2.06609
7.5015	2.06643
7.50242	2.06677
7.50333	2.06711
7.50424	2.06745
7.50515	2.06779
7.50606	2.06813
7.50698	2.06847
7.50789	2.06881
7.5088	2.06914
7.50971	2.06948
7.51062	2.06982
7.51154	2.07016
7.51245	2.0705
7.51336	2.07084
7.51427	2.07118
7.51518	2.07152
7.5161	2.07186
7.51701	2.0722
7.51792	2.07253
7.51883	2.07287
7.51974	2.07321
7.52066	2.07355
7.52157	2.07389
7.52248	2.07422
7.52339	2.07456
7.5243	2.0749
7.52522	2.07524
7.52613	2.07558
7.52704	2.07591
7.52795	2.07625
7.52886	2.07659
7.52978	2.07693
7.53069	2.07726
7.5316	2.0776
7.53251	2.07794
7.53342	2.07827
7.53434	2.07861
7.53525	2.07895
7.53616	2.07928
7.53707	2.07962
7.53798	2.07996
7.5389	2.08029
7.53981	2.08063
7.54072	2.08096
7.54163	2.0813
7.54254	2.08164
7.54346	2.08197
7.54437	2.08231
7.54528	2.08264
7.54619	2.08298
7.5471	2.08332
7.54802	2.08365
7.54893	2.08399
7.54984	2.08432
7.55075	2.08466
7.55166	2.08499
7.55258	2.08533
7.55349	2.08566
7.5544	2.086
7.55531	2.08633
7.55622	2.08666
7.55714	2.087
7.55805	2.08733
7.55896	2.08767
7.55987	2.088
7.56078	2.08834
7.5617	2.08867
7.56261	2.089
7.56352	2.08934
7.56443	2.08967
7.56534	2.09
7.56626	2.09034
7.56717	2.09067
7.56808	2.09101
7.56899	2.09134
7.5699	2.09167
7.57082	2.092
7.57173	2.09234
7.57264	2.09267
7.57355	2.093
7.57446	2.09334
7.57538	2.09367
7.57629	2.094
7.5772	2.09433
7.57811	2.09467
7.57902	2.095
7.57994	2.09533
7.58085	2.09566
7.58176	2.09599
7.58267	2.09633
7.58358	2.09666
7.5845	2.09699
7.58541	2.09732
7.58632	2.09765
7.58723	2.09798
7.58814	2.09831
7.58906	2.09865
7.58997	2.09898
7.59088	2.09931
7.59179	2.09964
7.59634	2.09881
7.59725	2.09914
7.59816	2.09947
7.59908	2.0998
7.59999	2.10013
7.6009	2.10047
7.60181	2.1008
7.60272	2.10113
7.60364	2.10146
7.60455	2.10179
7.60546	2.10212
7.60637	2.10245
7.60728	2.10278
7.6082	2.1031
7.64011	2.09361
7.64102	2.09394
7.64193	2.09427
7.64285	2.0946
7.64376	2.09493
7.64467	2.09526
7.64558	2.09559
7.64649	2.09592
7.64741	2.09624
7.64832	2.09657
7.64923	2.0969
7.65014	2.09723
7.65105	2.09756
7.65197	2.09789
7.65288	2.09821
7.65379	2.09854
7.6547	2.09887
7.65561	2.0992
7.65653	2.09953
7.65744	2.09985
7.65835	2.10018
7.65926	2.10051
7.66017	2.10084
7.66109	2.10116
7.662	2.10149
7.66291	2.10182
7.66382	2.10214
7.66473	2.10247
7.66565	2.1028
7.66656	2.10313
7.66747	2.10345
7.66838	2.10378
7.66929	2.10411
7.67021	2.10443
7.67112	2.10476
7.67203	2.10508
7.67294	2.10541
7.67385	2.10574
7.67477	2.10606
7.67568	2.10639
7.67659	2.10671
7.6775	2.10704
7.67841	2.10736
7.67933	2.10769
7.68024	2.10802
7.68115	2.10834
7.68206	2.10867
7.70394	2.1024
7.70485	2.10272
7.70577	2.10305
7.70668	2.10337
7.70759	2.10369
7.7085	2.10402
7.70941	2.10434
7.71033	2.10467
7.71124	2.10499
7.71215	2.10532
7.71306	2.10564
7.71397	2.10596
7.71489	2.10629
7.7158	2.10661
7.71671	2.10694
7.71762	2.10726
7.71853	2.10758
7.71945	2.10791
7.72036	2.10823
7.72127	2.10855
7.72218	2.10888
7.72309	2.1092
7.72401	2.10952
7.72492	2.10985
7.72583	2.11017
7.72674	2.11049
7.72765	2.11082
7.72857	2.11114
7.72948	2.11146
7.73039	2.11178
7.7313	2.11211
7.73221	2.11243
7.73313	2.11275
7.73404	2.11307
7.73495	2.11339
7.73586	2.11372
7.73677	2.11404
7.73769	2.11436
7.7386	2.11468
7.73951	2.115
7.74042	2.11532
7.74133	2.11565
7.74225	2.11597
7.74316	2.11629
7.74407	2.11661
7.74498	2.11693
7.74589	2.11725
7.74681	2.11757
7.74772	2.11789
7.74863	2.11821
7.74954	2.11853
7.75045	2.11886
7.75137	2.11918
7.75228	2.1195
7.75319	2.11982
7.7541	2.12014
7.75501	2.12046
7.75593	2.12078
7.75684	2.1211
7.75775	2.12142
7.75866	2.12174
7.75957	2.12206
7.76049	2.12238
7.7614	2.12269
7.76231	2.12301
7.76322	2.12333
7.76413	2.12365
7.76505	2.12397
7.8234	2.10641
7.82432	2.10673
7.82523	2.10704
7.82614	2.10736
7.82705	2.10768
7.82796	2.108
7.82888	2.10832
7.82979	2.10864
7.8307	2.10895
7.83161	2.10927
7.83252	2.10959
7.83344	2.10991
7.83435	2.11023
7.83526	2.11054
7.83617	2.11086
7.83708	2.11118
7.838	2.1115
7.83891	2.11181
7.83982	2.11213
7.84073	2.11245
7.84164	2.11276
7.84256	2.11308
7.84347	2.1134
7.84438	2.11372
7.84529	2.11403
7.8462	2.11435
7.84712	2.11467
7.84803	2.11498
7.84894	2.1153
7.87082	2.10916
7.87173	2.10947
7.87264	2.10979
7.87356	2.11011
7.87447	2.11042
7.87538	2.11074
7.87629	2.11105
7.8772	2.11137
7.87812	2.11169
7.87903	2.112
7.87994	2.11232
7.88085	2.11263
7.88176	2.11295
7.88268	2.11326
7.88359	2.11358
7.8845	2.11389
7.88541	2.11421
7.88632	2.11452
7.88724	2.11484
7.88815	2.11515
7.88906	2.11547
7.88997	2.11578
7.89088	2.11609
7.8918	2.11641
7.89271	2.11672
7.89362	2.11704
7.89453	2.11735
7.89544	2.11767
7.89636	2.11798
7.89727	2.11829
7.89818	2.11861
7.89909	2.11892
7.9	2.11923
7.90092	2.11955
7.90183	2.11986
7.90274	2.12017
7.90365	2.12049
7.90456	2.1208
7.90548	2.12111
7.90639	2.12143
7.9073	2.12174
7.90821	2.12205
7.90912	2.12236
7.91004	2.12268
7.91095	2.12299
7.91186	2.1233
7.91277	2.12361
7.91368	2.12393
7.9146	2.12424
7.91551	2.12455
7.91642	2.12486
7.91733	2.12518
7.91824	2.12549
7.91916	2.1258
7.92007	2.12611
7.92098	2.12642
7.92189	2.12673
7.9228	2.12705
7.92372	2.12736
7.92463	2.12767
7.92554	2.12798
7.92645	2.12829
7.92736	2.1286
7.92828	2.12891
7.92919	2.12922
7.9301	2.12953
7.93101	2.12985
7.93192	2.13016
7.93284	2.13047
7.93375	2.13078
7.93466	2.13109
7.93557	2.1314
7.93648	2.13171
7.9374	2.13202
7.93831	2.13233
7.93922	2.13264
7.94013	2.13295
7.94104	2.13326
7.94196	2.13357
7.94287	2.13388
7.94378	2.13419
7.94469	2.1345
7.9456	2.13481
7.94652	2.13512
7.94743	2.13543
7.94834	2.13573
7.94925	2.13604
7.95016	2.13635
7.95108	2.13666
7.95199	2.13697
7.9529	2.13728
7.95381	2.13759
7.95472	2.1379
7.95564	2.13821
7.95655	2.13851
7.95746	2.13882
7.95837	2.13913
7.95928	2.13944
7.9602	2.13975
7.96111	2.14005
7.96202	2.14036
7.96293	2.14067
7.96384	2.14098
7.96476	2.14129
7.96567	2.14159
7.96658	2.1419
7.96749	2.14221
7.9684	2.14252
7.96932	2.14282
7.97023	2.14313
7.97114	2.14344
7.97205	2.14375
7.97296	2.14405
7.97388	2.14436
7.97479	2.14467
7.9757	2.14497
7.97661	2.14528
7.97752	2.14559
7.97844	2.14589
7.97935	2.1462
7.98026	2.14651
7.98117	2.14681
8.0067	2.13957
8.00761	2.13988
8.00853	2.14019
8.00944	2.14049
8.01035	2.1408
8.01126	2.1411
8.01217	2.14141
8.01309	2.14172
8.014	2.14202
8.01491	2.14233
8.01582	2.14263
8.01673	2.14294
8.01765	2.14324
8.01856	2.14355
8.01947	2.14385
8.02038	2.14416
8.02129	2.14446
8.02221	2.14477
8.02312	2.14507
8.02403	2.14538
8.02494	2.14568
8.02585	2.14599
8.02677	2.14629
8.02768	2.14659
8.09789	2.12594
8.0988	2.12624
8.09971	2.12654
8.10063	2.12685
8.10154	2.12715
8.10245	2.12746
8.10336	2.12776
8.10427	2.12806
8.10519	2.12837
8.1061	2.12867
8.10701	2.12897
8.10792	2.12927
8.10883	2.12958
8.10975	2.12988
8.11066	2.13018
8.11157	2.13049
8.11248	2.13079
8.11339	2.13109
8.11431	2.13139
8.11522	2.1317
8.11613	2.132
8.11704	2.1323
8.11795	2.1326
8.11887	2.13291
8.11978	2.13321
8.12069	2.13351
8.1216	2.13381
8.12251	2.13411
8.12343	2.13442
8.12434	2.13472
8.12525	2.13502
8.12616	2.13532
8.12707	2.13562
8.12799	2.13592
8.1289	2.13622
8.12981	2.13653
8.13072	2.13683
8.13163	2.13713
8.13255	2.13743
8.13346	2.13773
8.13437	2.13803
8.13528	2.13833
8.13619	2.13863
8.13711	2.13893
8.13802	2.13923
8.13893	2.13953
8.13984	2.13983
8.14075	2.14013
8.14167	2.14043
8.14258	2.14074
8.14349	2.14104
8.1444	2.14134
8.14531	2.14164
8.14623	2.14194
8.14714	2.14223
8.14805	2.14253
8.14896	2.14283
8.14987	2.14313
8.15079	2.14343
8.1517	2.14373
8.15261	2.14403
8.15352	2.14433
8.15443	2.14463
8.15535	2.14493
8.15626	2.14523
8.15717	2.14553
8.15808	2.14583
8.15899	2.14612
8.15991	2.14642
8.16082	2.14672
8.16173	2.14702
8.16264	2.14732
8.16355	2.14762
8.16447	2.14792
8.16538	2.14821
8.16629	2.14851
8.1672	2.14881
8.16811	2.14911
8.16903	2.14941
8.16994	2.1497
8.17085	2.15
8.17176	2.1503
8.17267	2.1506
8.17359	2.1509
8.1745	2.15119
8.17541	2.15149
8.17632	2.15179
8.17723	2.15208
8.17815	2.15238
8.17906	2.15268
8.17997	2.15298
8.18088	2.15327
8.18179	2.15357
8.23103	2.13947
8.23194	2.13977
8.23286	2.14007
8.23377	2.14036
8.23468	2.14066
8.23559	2.14095
8.2365	2.14125
8.23742	2.14155
8.23833	2.14184
8.23924	2.14214
8.24015	2.14243
8.24106	2.14273
8.24198	2.14303
8.24289	2.14332
8.2438	2.14362
8.24471	2.14391
8.24562	2.14421
8.24654	2.1445
8.24745	2.1448
8.24836	2.14509
8.24927	2.14539
8.25018	2.14568
8.2511	2.14598
8.25201	2.14627
8.25292	2.14657
8.25383	2.14686
8.25474	2.14716
8.25566	2.14745
8.25657	2.14775
8.25748	2.14804
8.25839	2.14834
8.2593	2.14863
8.26022	2.14893
8.26113	2.14922
8.34046	2.12655
8.34137	2.12684
8.34229	2.12714
8.3432	2.12743
8.34411	2.12772
8.34502	2.12802
8.34593	2.12831
8.34685	2.1286
8.34776	2.1289
8.34867	2.12919
8.34958	2.12948
8.35049	2.12978
8.35141	2.13007
8.35232	2.13036
8.35323	2.13066
8.35414	2.13095
8.35505	2.13124
8.35597	2.13153
8.35688	2.13183
8.35779	2.13212
8.3587	2.13241
8.35961	2.1327
8.36053	2.133
8.36144	2.13329
8.36235	2.13358
8.36326	2.13387
8.36417	2.13416
8.36509	2.13446
8.366	2.13475
8.36691	2.13504
8.36782	2.13533
8.36873	2.13562
8.36965	2.13591
8.37056	2.13621
8.37147	2.1365
8.37238	2.13679
8.37329	2.13708
8.37421	2.13737
8.37512	2.13766
8.37603	2.13795
8.37694	2.13824
8.37785	2.13853
8.37877	2.13882
8.37968	2.13912
8.38059	2.13941
8.3815	2.1397
8.38241	2.13999
8.38333	2.14028
8.38424	2.14057
8.38515	2.14086
8.38606	2.14115
8.38697	2.14144
8.38789	2.14173
8.3888	2.14202
8.44989	2.125
8.4508	2.12529
8.45172	2.12558
8.45263	2.12587
8.45354	2.12616
8.45445	2.12645
8.45536	2.12674
8.45628	2.12703
8.45719	2.12732
8.4581	2.12761
8.45901	2.1279
8.45992	2.12818
8.46084	2.12847
8.46175	2.12876
8.46266	2.12905
8.46357	2.12934
8.46448	2.12963
8.4654	2.12992
8.46631	2.13021
8.46722	2.13049
8.46813	2.13078
8.47542	2.12925
8.47633	2.12954
8.47724	2.12983
8.50385	2.12282
8.50477	2.12311
8.50568	2.1234
8.50659	2.12368
8.5075	2.12397
8.50841	2.12426
8.50933	2.12455
8.51024	2.12483
8.51115	2.12512
8.51206	2.12541
8.51297	2.1257
8.51389	2.12598
8.5148	2.12627
8.51571	2.12656
8.51662	2.12684
8.51753	2.12713
8.51845	2.12742
8.51936	2.1277
8.52027	2.12799
8.52118	2.12828
8.52209	2.12856
8.52301	2.12885
8.52392	2.12914
8.52483	2.12942
8.52574	2.12971
8.52665	2.13
8.52757	2.13028
8.52848	2.13057
8.52939	2.13085
8.5303	2.13114
8.53121	2.13143
8.53213	2.13171
8.53304	2.132
8.53395	2.13228
8.53486	2.13257
8.53577	2.13285
8.53669	2.13314
8.5376	2.13342
8.53851	2.13371
8.53942	2.13399
8.54033	2.13428
8.54125	2.13456
8.54216	2.13485
8.54307	2.13513
8.54398	2.13542
8.54489	2.1357
8.54581	2.13599
8.54672	2.13627
8.54763	2.13656
8.54854	2.13684
8.54945	2.13713
8.55037	2.13741
8.55128	2.1377
8.55219	2.13798
8.5531	2.13826
8.55401	2.13855
8.55493	2.13883
8.55584	2.13912
8.55675	2.1394
8.55766	2.13968
8.55857	2.13997
8.55949	2.14025
8.5604	2.14053
8.56131	2.14082
8.56222	2.1411
8.56313	2.14139
8.56405	2.14167
8.56496	2.14195
8.56587	2.14223
8.56678	2.14252
8.56769	2.1428
8.56861	2.14308
8.56952	2.14337
8.57043	2.14365
8.57134	2.14393
8.57225	2.14422
8.57317	2.1445
8.57408	2.14478
8.57499	2.14506
8.5759	2.14535
8.57681	2.14563
8.57773	2.14591
8.57864	2.14619
8.57955	2.14647
8.58046	2.14676
8.58137	2.14704
8.58229	2.14732
8.5832	2.1476
8.58411	2.14788
8.58502	2.14817
8.58593	2.14845
8.58685	2.14873
8.58776	2.14901
8.58867	2.14929
8.58958	2.14957
8.59049	2.14986
8.59141	2.15014
8.59232	2.15042
8.59323	2.1507
8.59414	2.15098
8.59505	2.15126
8.59597	2.15154
8.59688	2.15182
8.59779	2.1521
8.5987	2.15238
8.59961	2.15266
8.60053	2.15295
8.60144	2.15323
8.60235	2.15351
8.60326	2.15379
8.60417	2.15407
8.60509	2.15435
8.606	2.15463
8.60691	2.15491
8.60782	2.15519
8.60873	2.15547
8.60965	2.15575
8.61056	2.15603
8.61147	2.15631
8.61238	2.15659
8.61329	2.15687
8.61421	2.15715
8.61512	2.15743
8.61603	2.15771
8.61694	2.15798
8.61785	2.15826
8.61877	2.15854
8.61968	2.15882
8.62059	2.1591
8.6215	2.15938
8.62241	2.15966
8.62333	2.15994
8.62424	2.16022
8.62515	2.1605
8.62606	2.16078
8.62697	2.16105
8.62789	2.16133
8.6288	2.16161
8.62971	2.16189
8.63062	2.16217
8.63153	2.16245
8.63245	2.16272
8.63336	2.163
8.63427	2.16328
8.63518	2.16356
8.63609	2.16384
8.63701	2.16411
8.63792	2.16439
8.63883	2.16467
8.63974	2.16495
8.64065	2.16523
8.64157	2.1655
8.64248	2.16578
8.64339	2.16606
8.6443	2.16634
8.64521	2.16661
8.64613	2.16689
8.64704	2.16717
8.64795	2.16744
8.64886	2.16772
8.64977	2.168
8.65069	2.16828
8.6516	2.16855
8.65251	2.16883
8.65342	2.16911
8.65433	2.16938
8.65525	2.16966
8.65616	2.16994
8.65707	2.17021
8.65798	2.17049
8.65889	2.17077
8.65981	2.17104
8.66072	2.17132
8.66163	2.17159
8.66254	2.17187
8.66345	2.17215
8.66437	2.17242
8.66528	2.1727
8.66619	2.17297
8.6671	2.17325
8.66801	2.17353
8.66893	2.1738
8.66984	2.17408
8.67075	2.17435
8.67166	2.17463
8.67257	2.1749
8.67349	2.17518
8.6744	2.17545
8.67531	2.17573
8.67622	2.176
8.67713	2.17628
8.67805	2.17655
8.67896	2.17683
8.67987	2.1771
8.68078	2.17738
8.68169	2.17765
8.68261	2.17793
8.68352	2.1782
8.68443	2.17848
8.68534	2.17875
8.68625	2.17903
8.68717	2.1793
8.68808	2.17957
8.68899	2.17985
8.6899	2.18012
8.69081	2.1804
8.69173	2.18067
8.69264	2.18094
8.69355	2.18122
8.69446	2.18149
8.69537	2.18177
8.69629	2.18204
8.6972	2.18231
8.69811	2.18259
8.69902	2.18286
8.69993	2.18313
8.70085	2.18341
8.70176	2.18368
8.70267	2.18395
8.70358	2.18423
8.70449	2.1845
8.70541	2.18477
8.70632	2.18505
8.70723	2.18532
8.70814	2.18559
8.70905	2.18586
8.70997	2.18614
8.71088	2.18641
8.71179	2.18668
8.7127	2.18695
8.71361	2.18723
8.71453	2.1875
8.71544	2.18777
8.71635	2.18804
8.71726	2.18832
8.71817	2.18859
8.71909	2.18886
8.72	2.18913
8.72091	2.1894
8.72182	2.18968
8.72273	2.18995
8.72365	2.19022
8.72456	2.19049
8.72547	2.19076
8.72638	2.19103
8.72729	2.19131
8.72821	2.19158
8.72912	2.19185
8.73003	2.19212
8.73094	2.19239
8.73185	2.19266
8.73277	2.19293
8.73368	2.1932
8.73459	2.19348
8.7355	2.19375
8.80754	2.17403
8.80845	2.1743
8.80937	2.17457
8.81028	2.17484
8.81119	2.17511
8.8121	2.17538
8.81301	2.17565
8.81393	2.17592
8.81484	2.17619
8.81575	2.17646
8.81666	2.17673
8.81757	2.177
8.81849	2.17727
8.8194	2.17754
8.82031	2.17781
8.82122	2.17808
8.82213	2.17835
8.82305	2.17862
8.82396	2.17889
8.82487	2.17916
8.82578	2.17943
8.82669	2.1797
8.82761	2.17997
8.82852	2.18024
8.82943	2.18051
8.83034	2.18078
8.83125	2.18105
8.83217	2.18131
8.83308	2.18158
8.83399	2.18185
8.8349	2.18212
8.83581	2.18239
8.83673	2.18266
8.83764	2.18293
8.83855	2.1832
8.83946	2.18346
8.84037	2.18373
8.84129	2.184
8.8422	2.18427
8.84311	2.18454
8.84402	2.18481
8.84493	2.18507
8.84585	2.18534
8.84676	2.18561
8.84767	2.18588
8.84858	2.18615
8.84949	2.18641
8.85041	2.18668
8.85132	2.18695
8.85223	2.18722
8.85314	2.18748
8.85405	2.18775
8.85497	2.18802
8.85588	2.18829
8.85679	2.18855
8.8577	2.18882
8.85861	2.18909
8.85953	2.18936
8.86044	2.18962
8.86135	2.18989
8.86226	2.19016
8.86317	2.19042
8.86409	2.19069
8.865	2.19096
8.86591	2.19122
8.86682	2.19149
8.86773	2.19176
8.86865	2.19202
8.86956	2.19229
8.87047	2.19256
8.87138	2.19282
8.87229	2.19309
8.87321	2.19336
8.87412	2.19362
8.87503	2.19389
8.87594	2.19415
8.87685	2.19442
8.87777	2.19469
8.87868	2.19495
8.97443	2.16911
8.97534	2.16938
8.97625	2.16964
8.97716	2.16991
8.97807	2.17017
8.97899	2.17044
8.9799	2.1707
8.98081	2.17097
9.01819	2.16136
9.08385	2.14431
9.08476	2.14457
9.08567	2.14484
9.08659	2.1451
9.0875	2.14537
9.08841	2.14563
9.08932	2.1459
9.09023	2.14616
9.09115	2.14643
9.09206	2.14669
9.09297	2.14695
9.09388	2.14722
9.09479	2.14748
9.09571	2.14775
9.09662	2.14801
9.09753	2.14827
9.09844	2.14854
9.09935	2.1488
9.10027	2.14907
9.10118	2.14933
9.10209	2.14959
9.103	2.14986
9.10391	2.15012
9.10483	2.15038
9.10574	2.15065
9.10665	2.15091
9.10756	2.15117
9.10847	2.15144
9.10939	2.1517
9.1103	2.15196
9.11121	2.15223
9.11212	2.15249
9.11303	2.15275
9.11395	2.15301
9.11486	2.15328
9.11577	2.15354
9.11668	2.1538
9.11759	2.15406
9.11851	2.15433
9.11942	2.15459
9.12033	2.15485
9.12124	2.15511
9.12215	2.15538
9.12307	2.15564
9.12398	2.1559
9.12489	2.15616
9.1258	2.15643
9.12671	2.15669
9.12763	2.15695
9.12854	2.15721
9.12945	2.15747
9.13036	2.15774
9.13127	2.158
9.13219	2.15826
9.1331	2.15852
9.13401	2.15878
9.13492	2.15904
9.13583	2.1593
9.13675	2.15957
9.15588	2.155
9.1568	2.15526
9.15771	2.15552
9.15862	2.15578
9.15953	2.15605
9.16044	2.15631
9.16136	2.15657
9.16227	2.15683
9.16318	2.15709
9.16409	2.15735
9.165	2.15761
9.16592	2.15787
9.16683	2.15813
9.16774	2.15839
9.16865	2.15865
9.16956	2.15891
9.17048	2.15917
9.17139	2.15943
9.1723	2.15969
9.17321	2.15995
9.17412	2.16021
9.17504	2.16047
9.17595	2.16073
9.17686	2.16099
9.17777	2.16125
9.17868	2.16151
9.1796	2.16177
9.18051	2.16203
9.18142	2.16229
9.18233	2.16255
9.18324	2.16281
9.18416	2.16307
9.18507	2.16333
9.18598	2.16359
9.18689	2.16385
9.1878	2.16411
9.18872	2.16437
9.18963	2.16463
9.19054	2.16489
9.19145	2.16514
9.19236	2.1654
9.19328	2.16566
9.19419	2.16592
9.1951	2.16618
9.19601	2.16644
9.19692	2.1667
9.19784	2.16696
9.19875	2.16721
9.19966	2.16747
9.20057	2.16773
9.20148	2.16799
9.2024	2.16825
9.20331	2.16851
9.20422	2.16876
9.20513	2.16902
9.20604	2.16928
9.20696	2.16954
9.20787	2.1698
9.20878	2.17006
9.20969	2.17031
9.2106	2.17057
9.21152	2.17083
9.21243	2.17109
9.21334	2.17134
9.21425	2.1716
9.21516	2.17186
9.21608	2.17212
9.21699	2.17237
9.2179	2.17263
9.21881	2.17289
9.21972	2.17315
9.22064	2.1734
9.22155	2.17366
9.22246	2.17392
9.22337	2.17417
9.22428	2.17443
9.2252	2.17469
9.22611	2.17494
9.22702	2.1752
9.22793	2.17546
9.22884	2.17571
9.22976	2.17597
9.23067	2.17623
9.23158	2.17648
9.23249	2.17674
9.2334	2.177
9.38114	2.13911
9.38205	2.13937
9.38296	2.13962
9.38387	2.13988
9.38478	2.14014
9.3857	2.14039
9.38661	2.14065
9.38752	2.1409
9.38843	2.14116
9.38934	2.14141
9.39026	2.14167
9.39117	2.14192
9.39208	2.14218
9.39299	2.14243
9.3939	2.14269
9.39482	2.14295
9.39573	2.1432
9.39664	2.14346
9.39755	2.14371
9.39846	2.14397
9.39938	2.14422
9.40029	2.14447
9.4012	2.14473
9.40211	2.14498
9.40302	2.14524
9.40394	2.14549
9.40485	2.14575
9.40576	2.146
9.40667	2.14626
9.40758	2.14651
9.4085	2.14677
9.40941	2.14702
9.41032	2.14727
9.41123	2.14753
9.41214	2.14778
9.41306	2.14804
9.41397	2.14829
9.41488	2.14854
9.41579	2.1488
9.4976	2.12859
9.49851	2.12885
9.49942	2.1291
9.50033	2.12935
9.50124	2.12961
9.50216	2.12986
9.50307	2.13011
9.50398	2.13037
9.50489	2.13062
9.5058	2.13087
9.50672	2.13113
9.50763	2.13138
9.50854	2.13163
9.50945	2.13189
9.51036	2.13214
9.51128	2.13239
9.51219	2.13264
9.5131	2.1329
9.51401	2.13315
9.51492	2.1334
9.51584	2.13365
9.51675	2.13391
9.51766	2.13416
9.51857	2.13441
9.51948	2.13466
9.5204	2.13492
9.52131	2.13517
9.52222	2.13542
9.52313	2.13567
9.52404	2.13593
9.52496	2.13618
9.52587	2.13643
9.52678	2.13668
9.52769	2.13693
9.5286	2.13718
9.52952	2.13744
9.53043	2.13769
9.53134	2.13794
9.53225	2.13819
9.53316	2.13844
9.53408	2.13869
9.53499	2.13895
9.5359	2.1392
9.53681	2.13945
9.53772	2.1397
9.53864	2.13995
9.53955	2.1402
9.54046	2.14045
9.54137	2.1407
9.54228	2.14095
9.5432	2.14121
9.54411	2.14146
9.54502	2.14171
9.54593	2.14196
9.54684	2.14221
9.54776	2.14246
9.54867	2.14271
9.54958	2.14296
9.55049	2.14321
9.5514	2.14346
9.55232	2.14371
9.55323	2.14396
9.55414	2.14421
9.55505	2.14446
9.55596	2.14471
9.55688	2.14496
9.55779	2.14521
9.5587	2.14546
9.55961	2.14571
9.56052	2.14596
9.56144	2.14621
9.56235	2.14646
9.56326	2.14671
9.56417	2.14696
9.56508	2.14721
9.566	2.14746
9.56691	2.14771
9.56782	2.14796
9.56873	2.14821
9.56964	2.14846
9.57056	2.14871
9.57147	2.14896
9.57238	2.14921
9.57329	2.14945
9.5742	2.1497
9.57512	2.14995
9.57603	2.1502
9.57694	2.15045
9.57785	2.1507
9.57876	2.15095
9.57968	2.1512
9.58059	2.15145
9.5815	2.15169
9.58241	2.15194
9.58332	2.15219
9.58424	2.15244
9.58515	2.15269
9.58606	2.15294
9.58697	2.15319
9.58788	2.15343
9.5888	2.15368
9.58971	2.15393
9.59062	2.15418
9.59153	2.15443
9.59244	2.15467
9.59336	2.15492
9.59427	2.15517
9.59518	2.15542
9.59609	2.15567
9.597	2.15591
9.59792	2.15616
9.59883	2.15641
9.59974	2.15666
9.60065	2.1569
9.60156	2.15715
9.60248	2.1574
9.60339	2.15765
9.6043	2.15789
9.60521	2.15814
9.60612	2.15839
9.60704	2.15864
9.60795	2.15888
9.60886	2.15913
9.60977	2.15938
9.61068	2.15962
9.6116	2.15987
9.61251	2.16012
9.61342	2.16036
9.61433	2.16061
9.61524	2.16086
9.61616	2.1611
9.61707	2.16135
9.61798	2.1616
9.61889	2.16184
9.6198	2.16209
9.62072	2.16234
9.62163	2.16258
9.62254	2.16283
9.62345	2.16308
9.62436	2.16332
9.62528	2.16357
9.62619	2.16381
9.6271	2.16406
9.62801	2.16431
9.62892	2.16455
9.62984	2.1648
9.63075	2.16504
9.63166	2.16529
9.63257	2.16554
9.63348	2.16578
9.6344	2.16603
9.63531	2.16627
9.63622	2.16652
9.63713	2.16676
9.63804	2.16701
9.63896	2.16725
9.63987	2.1675
9.64078	2.16774
9.64169	2.16799
9.6426	2.16824
9.64352	2.16848
9.64443	2.16873
9.64534	2.16897
9.64625	2.16922
9.64716	2.16946
9.64808	2.16971
9.64899	2.16995
9.6499	2.17019
9.65081	2.17044
9.65172	2.17068
9.65264	2.17093
9.65355	2.17117
9.65446	2.17142
9.65537	2.17166
9.65628	2.17191
9.6572	2.17215
9.65811	2.1724
9.65902	2.17264
9.65993	2.17288
9.66084	2.17313
9.66176	2.17337
9.66267	2.17362
9.66358	2.17386
9.66449	2.1741
9.6654	2.17435
9.66632	2.17459
9.66723	2.17484
9.66814	2.17508
9.66905	2.17532
9.66996	2.17557
9.67088	2.17581
9.67179	2.17605
9.6727	2.1763
9.67361	2.17654
9.67452	2.17678
9.67544	2.17703
9.67635	2.17727
9.67726	2.17751
9.67817	2.17776
9.67908	2.178
9.68	2.17824
9.68091	2.17849
9.68182	2.17873
9.68273	2.17897
9.68364	2.17921
9.68456	2.17946
9.68547	2.1797
9.68638	2.17994
9.68729	2.18018
9.6882	2.18043
9.68912	2.18067
9.69003	2.18091
9.69094	2.18116
9.69185	2.1814
9.69276	2.18164
9.69368	2.18188
9.69459	2.18212
9.6955	2.18237
9.69641	2.18261
9.69732	2.18285
9.69824	2.18309
9.69915	2.18333
9.70006	2.18358
9.70097	2.18382
9.70188	2.18406
9.7028	2.1843
9.70371	2.18454
9.70462	2.18479
9.70553	2.18503
9.70644	2.18527
9.70736	2.18551
9.70827	2.18575
9.70918	2.18599
9.71009	2.18623
9.711	2.18648
9.71192	2.18672
9.71283	2.18696
9.71374	2.1872
9.71465	2.18744
9.71556	2.18768
9.71648	2.18792
9.71739	2.18816
9.7183	2.1884
9.71921	2.18865
9.72012	2.18889
9.72104	2.18913
9.72195	2.18937
9.72286	2.18961
9.72377	2.18985
9.72468	2.19009
9.7256	2.19033
9.72651	2.19057
9.72742	2.19081
9.72833	2.19105
9.72924	2.19129
9.73016	2.19153
9.73107	2.19177
9.73198	2.19201
9.73289	2.19225
9.7338	2.19249
9.73472	2.19273
9.73563	2.19297
9.86968	2.16029
9.87059	2.16053
9.87151	2.16077
9.87242	2.16101
9.87333	2.16125
9.87424	2.16149
9.87515	2.16173
9.87607	2.16197
9.87698	2.16221
9.87789	2.16245
9.8788	2.16268
9.88883	2.16071
9.88974	2.16095
9.89065	2.16118
9.89156	2.16142
9.89248	2.16166
9.89339	2.1619
9.8943	2.16214
9.89521	2.16238
9.89612	2.16262
9.89704	2.16286
9.89795	2.16309
9.89886	2.16333
9.89977	2.16357
9.90068	2.16381
9.94627	2.15324
9.94718	2.15348
9.94809	2.15372
9.94901	2.15396
9.94992	2.1542
9.95083	2.15443
9.95174	2.15467
9.95265	2.15491
9.95357	2.15515
9.95448	2.15539
9.95539	2.15562
9.9563	2.15586
9.95721	2.1561
9.95813	2.15634
9.95904	2.15657
9.95995	2.15681
9.96086	2.15705
10.0137	2.14485
10.0147	2.14509
10.0156	2.14532
10.0165	2.14556
10.0174	2.1458
10.0183	2.14603
10.0192	2.14627
10.0201	2.14651
10.021	2.14675
10.022	2.14698
10.0229	2.14722
10.0238	2.14746
10.0247	2.14769
10.0256	2.14793
10.0265	2.14817
10.0274	2.1484
10.0283	2.14864
10.0293	2.14888
10.0302	2.14911
10.0311	2.14935
10.032	2.14959
10.0329	2.14982
10.0338	2.15006
10.0347	2.1503
10.0356	2.15053
10.0365	2.15077
10.0375	2.151
10.0384	2.15124
10.0393	2.15148
10.0402	2.15171
10.0411	2.15195
10.042	2.15218
10.0429	2.15242
10.0438	2.15266
10.0448	2.15289
10.0457	2.15313
10.0466	2.15336
10.0475	2.1536
10.0484	2.15383
10.0493	2.15407
10.0557	2.15301
10.0566	2.15324
10.0575	2.15348
10.0584	2.15371
10.0593	2.15395
10.0603	2.15418
10.0612	2.15442
10.0985	2.14602
10.0995	2.14625
10.1004	2.14649
10.1013	2.14672
10.1022	2.14696
10.1031	2.14719
10.104	2.14743
10.1049	2.14766
10.1058	2.1479
10.1068	2.14813
10.1077	2.14837
10.1086	2.1486
10.1095	2.14883
10.1104	2.14907
10.1113	2.1493
10.1122	2.14954
10.1131	2.14977
10.114	2.15001
10.115	2.15024
10.1159	2.15047
10.1168	2.15071
10.1177	2.15094
10.1186	2.15118
10.1195	2.15141
10.1204	2.15165
10.1213	2.15188
10.1223	2.15211
10.1232	2.15235
10.1241	2.15258
10.125	2.15281
10.1259	2.15305
10.1268	2.15328
10.1277	2.15352
10.1286	2.15375
10.1296	2.15398
10.1305	2.15422
10.1314	2.15445
10.1323	2.15468
10.1332	2.15492
10.1341	2.15515
10.135	2.15538
10.1359	2.15562
10.2153	2.1375
10.2162	2.13774
10.2171	2.13797
10.218	2.1382
10.2189	2.13843
10.2198	2.13867
10.2207	2.1389
10.2217	2.13913
10.2226	2.13936
10.2235	2.1396
10.2244	2.13983
10.2253	2.14006
10.2262	2.14029
10.2271	2.14053
10.228	2.14076
10.229	2.14099
10.2299	2.14122
10.2308	2.14146
10.2317	2.14169
10.2326	2.14192
10.2335	2.14215
10.2344	2.14238
10.2353	2.14262
10.2362	2.14285
10.2372	2.14308
10.2381	2.14331
10.239	2.14354
10.2399	2.14378
10.2408	2.14401
10.2417	2.14424
10.2508	2.14257
10.2517	2.1428
10.2526	2.14303
10.2536	2.14326
10.2545	2.1435
10.2554	2.14373
10.2563	2.14396
10.2572	2.14419
10.2581	2.14442
10.259	2.14465
10.2599	2.14488
10.2609	2.14511
10.2618	2.14535
10.2627	2.14558
10.2636	2.14581
10.2645	2.14604
10.2654	2.14627
10.2663	2.1465
10.2672	2.14673
10.2682	2.14696
10.2691	2.14719
10.27	2.14742
10.2709	2.14765
10.321	2.13654
10.322	2.13677
10.3402	2.13303
10.3411	2.13327
10.342	2.1335
10.3429	2.13373
10.3438	2.13396
10.3447	2.13419
10.3457	2.13442
10.3466	2.13465
10.3475	2.13488
10.3484	2.13511
10.3493	2.13534
10.3502	2.13556
10.3511	2.13579
10.352	2.13602
10.353	2.13625
10.3539	2.13648
10.3548	2.13671
10.3557	2.13694
10.3566	2.13717
