3.70567	0.00151386
3.70658	0.0030267
3.70749	0.00453852
3.7084	0.00604932
3.70931	0.00755911
3.71023	0.00906788
3.71114	0.0105756
3.71205	0.0120824
3.71296	0.0135881
3.71387	0.0150928
3.71479	0.0165965
3.7157	0.0180992
3.71661	0.0196009
3.71752	0.0211016
3.71843	0.0226012
3.71935	0.0240999
3.72026	0.0255976
3.72117	0.0270942
3.72208	0.0285899
3.72299	0.0300845
3.72391	0.0315782
3.72482	0.0330708
3.72573	0.0345625
3.72664	0.0360531
3.72755	0.0375428
3.72847	0.0390314
3.72938	0.0405191
3.73029	0.0420058
3.7312	0.0434915
3.73211	0.0449761
3.73303	0.0464598
3.73394	0.0479426
3.73485	0.0494243
3.73576	0.050905
3.73667	0.0523847
3.73759	0.0538635
3.7385	0.0553413
3.73941	0.0568181
3.74032	0.0582939
3.74123	0.0597687
3.74215	0.0612425
3.74306	0.0627154
3.74397	0.0641873
3.74488	0.0656582
3.74579	0.0671281
3.74671	0.0685971
3.74762	0.070065
3.74853	0.071532
3.74944	0.0729981
3.75035	0.0744631
3.75127	0.0759272
3.75218	0.0773903
3.75309	0.0788525
3.754	0.0803136
3.75491	0.0817739
3.75583	0.0832331
3.75674	0.0846914
3.75765	0.0861487
3.75856	0.087605
3.75947	0.0890604
3.76039	0.0905149
3.7613	0.0919683
3.76221	0.0934208
3.76312	0.0948724
3.76403	0.096323
3.76495	0.0977726
3.76586	0.0992213
3.76677	0.100669
3.76768	0.102116
3.76859	0.103562
3.76951	0.105006
3.77042	0.10645
3.77133	0.107893
3.77224	0.109335
3.77315	0.110776
3.77407	0.112216
3.77498	0.113656
3.77589	0.115094
3.7768	0.116531
3.77771	0.117967
3.77863	0.119403
3.77954	0.120837
3.78045	0.122271
3.78136	0.123703
3.78227	0.125135
3.78319	0.126566
3.7841	0.127995
3.78501	0.129424
3.78592	0.130852
3.78683	0.132279
3.78775	0.133705
3.78866	0.13513
3.78957	0.136554
3.79048	0.137978
3.79139	0.1394
3.79231	0.140821
3.79322	0.142242
3.79413	0.143661
3.79504	0.14508
3.79595	0.146497
3.79687	0.147914
3.79778	0.14933
3.79869	0.150745
3.7996	0.152159
3.80051	0.153572
3.80143	0.154984
3.80234	0.156395
3.80325	0.157805
3.80416	0.159215
3.80507	0.160623
3.80599	0.162031
3.8069	0.163437
3.80781	0.164843
3.80872	0.166248
3.80963	0.167652
3.81055	0.169055
3.81146	0.170457
3.81237	0.171858
3.81328	0.173258
3.81419	0.174657
3.81511	0.176056
3.81602	0.177453
3.81693	0.17885
3.81784	0.180246
3.81875	0.18164
3.81967	0.183034
3.82058	0.184427
3.82149	0.18582
3.8224	0.187211
3.82331	0.188601
3.82423	0.18999
3.82514	0.191379
3.82605	0.192767
3.82696	0.194153
3.82787	0.195539
3.82879	0.196924
3.8297	0.198308
3.83061	0.199691
3.83152	0.201073
3.83243	0.202455
3.83335	0.203835
3.83426	0.205215
3.83517	0.206594
3.83608	0.207971
3.83699	0.209348
3.83791	0.210724
3.83882	0.212099
3.83973	0.213474
3.84064	0.214847
3.84155	0.21622
3.84247	0.217591
3.84338	0.218962
3.84429	0.220332
3.8452	0.221701
3.84611	0.223069
3.84703	0.224436
3.84794	0.225803
3.84885	0.227168
3.84976	0.228533
3.85067	0.229896
3.85159	0.231259
3.8525	0.232621
3.85341	0.233982
3.85432	0.235343
3.85523	0.236702
3.85615	0.238061
3.85706	0.239418
3.85797	0.240775
3.85888	0.242131
3.85979	0.243486
3.86071	0.24484
3.86162	0.246194
3.86253	0.247546
3.86344	0.248898
3.86435	0.250248
3.86527	0.251598
3.86618	0.252947
3.86709	0.254295
3.868	0.255643
3.86891	0.256989
3.86983	0.258335
3.87074	0.25968
3.87165	0.261023
3.87256	0.262366
3.87347	0.263709
3.87439	0.26505
3.8753	0.26639
3.87621	0.26773
3.87712	0.269069
3.87803	0.270407
3.87895	0.271744
3.87986	0.27308
3.88077	0.274415
3.88168	0.27575
3.88259	0.277084
3.88351	0.278417
3.88442	0.279749
3.88533	0.28108
3.88624	0.28241
3.88715	0.28374
3.88807	0.285068
3.88898	0.286396
3.88989	0.287723
3.8908	0.289049
3.89171	0.290374
3.89263	0.291699
3.89354	0.293023
3.89445	0.294345
3.89536	0.295667
3.89627	0.296988
3.89719	0.298309
3.8981	0.299628
3.89901	0.300947
3.89992	0.302265
3.90083	0.303582
3.90175	0.304898
3.90266	0.306213
3.90357	0.307528
3.90448	0.308841
3.90539	0.310154
3.90631	0.311466
3.90722	0.312777
3.90813	0.314088
3.90904	0.315397
3.90995	0.316706
3.91087	0.318014
3.91178	0.319321
3.91269	0.320627
3.9136	0.321933
3.91451	0.323237
3.91543	0.324541
3.91634	0.325844
3.91725	0.327146
3.91816	0.328448
3.91907	0.329748
3.91999	0.331048
3.9209	0.332347
3.92181	0.333645
3.92272	0.334943
3.92363	0.336239
3.92455	0.337535
3.92546	0.33883
3.92637	0.340124
3.92728	0.341417
3.92819	0.342709
3.92911	0.344001
3.93002	0.345292
3.93093	0.346582
3.93184	0.347871
3.93275	0.34916
3.93367	0.350447
3.93458	0.351734
3.93549	0.35302
3.9364	0.354306
3.93731	0.35559
3.93823	0.356874
3.93914	0.358157
3.94005	0.359439
3.94096	0.36072
3.94187	0.362
3.94279	0.36328
3.9437	0.364559
3.94461	0.365837
3.94552	0.367114
3.94643	0.368391
3.94735	0.369667
3.94826	0.370942
3.94917	0.372216
3.95008	0.373489
3.95099	0.374762
3.95191	0.376034
3.95282	0.377305
3.95373	0.378575
3.95464	0.379844
3.95555	0.381113
3.95647	0.382381
3.95738	0.383648
3.95829	0.384914
3.9592	0.38618
3.96011	0.387444
3.96103	0.388708
3.96194	0.389972
3.96285	0.391234
3.96376	0.392496
3.96467	0.393757
3.96559	0.395017
3.9665	0.396276
3.96741	0.397534
3.96832	0.398792
3.96923	0.400049
3.97015	0.401305
3.97106	0.402561
3.97197	0.403816
3.97288	0.405069
3.97379	0.406323
3.97471	0.407575
3.97562	0.408827
3.97653	0.410077
3.97744	0.411328
3.97835	0.412577
3.97927	0.413825
3.98018	0.415073
3.98109	0.41632
3.982	0.417566
3.98291	0.418812
3.98383	0.420057
3.98474	0.421301
3.98565	0.422544
3.98656	0.423786
3.98747	0.425028
3.98839	0.426269
3.9893	0.427509
3.99021	0.428748
3.99112	0.429987
3.99203	0.431225
3.99295	0.432462
3.99386	0.433699
3.99477	0.434934
3.99568	0.436169
3.99659	0.437403
3.99751	0.438637
3.99842	0.439869
3.99933	0.441101
4.00024	0.442332
4.04401	0.437319
4.04764	0.43814
4.04856	0.439353
4.04947	0.440565
4.05038	0.441776
4.05129	0.442986
4.0522	0.444196
4.05312	0.445405
4.05403	0.446613
4.05494	0.44782
4.05585	0.449027
4.05676	0.450233
4.05768	0.451438
4.05859	0.452643
4.0595	0.453847
4.06041	0.45505
4.06132	0.456252
4.06224	0.457454
4.06315	0.458655
4.06406	0.459855
4.06497	0.461055
4.06588	0.462254
4.0668	0.463452
4.06771	0.464649
4.06862	0.465846
4.06953	0.467042
4.07044	0.468237
4.07136	0.469432
4.07227	0.470626
4.07318	0.471819
4.07409	0.473011
4.075	0.474203
4.07592	0.475394
4.07683	0.476584
4.07774	0.477774
4.07865	0.478963
4.07956	0.480151
4.08048	0.481339
4.08139	0.482525
4.0823	0.483712
4.08321	0.484897
4.08412	0.486082
4.08504	0.487266
4.08595	0.488449
4.08686	0.489632
4.08777	0.490814
4.08868	0.491995
4.0896	0.493175
4.09051	0.494355
4.09142	0.495534
4.09233	0.496713
4.09324	0.49789
4.09416	0.499067
4.09507	0.500244
4.09598	0.501419
4.09689	0.502594
4.0978	0.503769
4.09872	0.504942
4.09963	0.506115
4.10054	0.507287
4.10145	0.508459
4.10236	0.50963
4.10328	0.5108
4.10419	0.511969
4.1051	0.513138
4.10601	0.514306
4.10692	0.515473
4.10784	0.51664
4.10875	0.517806
4.10966	0.518971
4.11057	0.520136
4.11148	0.5213
4.1124	0.522463
4.11331	0.523626
4.11422	0.524788
4.11513	0.525949
4.11604	0.527109
4.11696	0.528269
4.11787	0.529429
4.11878	0.530587
4.11969	0.531745
4.1206	0.532902
4.12152	0.534059
4.12243	0.535214
4.12334	0.53637
4.12425	0.537524
4.12516	0.538678
4.12608	0.539831
4.12699	0.540983
4.1279	0.542135
4.12881	0.543286
4.12972	0.544437
4.13064	0.545586
4.13155	0.546735
4.13246	0.547884
4.13337	0.549032
4.13428	0.550179
4.1352	0.551325
4.13611	0.552471
4.13702	0.553616
4.13793	0.55476
4.13884	0.555904
4.13976	0.557047
4.14067	0.55819
4.14158	0.559331
4.14249	0.560473
4.1434	0.561613
4.14432	0.562753
4.14523	0.563892
4.14614	0.56503
4.14705	0.566168
4.14796	0.567305
4.14888	0.568442
4.14979	0.569577
4.1507	0.570713
4.15161	0.571847
4.15252	0.572981
4.15344	0.574114
4.15435	0.575247
4.15526	0.576379
4.15617	0.57751
4.15708	0.57864
4.158	0.57977
4.15891	0.5809
4.15982	0.582028
4.16073	0.583156
4.16164	0.584283
4.16256	0.58541
4.16347	0.586536
4.16438	0.587662
4.16529	0.588786
4.1662	0.58991
4.16712	0.591034
4.16803	0.592157
4.16894	0.593279
4.16985	0.5944
4.17076	0.595521
4.17168	0.596641
4.17259	0.597761
4.1735	0.59888
4.17441	0.599998
4.17532	0.601115
4.17624	0.602232
4.17715	0.603349
4.17806	0.604464
4.17897	0.60558
4.17988	0.606694
4.1808	0.607808
4.18171	0.608921
4.18262	0.610033
4.18353	0.611145
4.18444	0.612256
4.18536	0.613367
4.18627	0.614477
4.18718	0.615586
4.18809	0.616695
4.189	0.617803
4.18992	0.61891
4.19083	0.620017
4.19174	0.621123
4.19265	0.622229
4.19356	0.623334
4.19448	0.624438
4.19539	0.625542
4.1963	0.626645
4.19721	0.627747
4.19812	0.628849
4.19904	0.62995
4.19995	0.63105
4.20086	0.63215
4.20177	0.633249
4.20268	0.634348
4.2036	0.635446
4.20451	0.636543
4.20542	0.63764
4.20633	0.638736
4.20724	0.639832
4.20816	0.640927
4.20907	0.642021
4.20998	0.643114
4.21089	0.644207
4.2118	0.6453
4.21272	0.646392
4.21363	0.647483
4.21454	0.648573
4.21545	0.649663
4.21636	0.650752
4.21728	0.651841
4.21819	0.652929
4.2191	0.654016
4.22001	0.655103
4.22092	0.656189
4.22184	0.657275
4.22275	0.65836
4.30482	0.643249
4.30574	0.644311
4.30665	0.645372
4.30756	0.646432
4.32397	0.644473
4.32488	0.645528
4.32579	0.646583
4.3267	0.647637
4.32762	0.64869
4.32853	0.649743
4.32944	0.650795
4.33035	0.651847
4.33126	0.652898
4.33218	0.653949
4.33309	0.654999
4.334	0.656048
4.33491	0.657097
4.33582	0.658145
4.33674	0.659193
4.33765	0.66024
4.33856	0.661286
4.33947	0.662332
4.34038	0.663378
4.3413	0.664423
4.34221	0.665467
4.34312	0.66651
4.34403	0.667554
4.34494	0.668596
4.34586	0.669638
4.34677	0.670679
4.34768	0.67172
4.34859	0.672761
4.3495	0.6738
4.35042	0.674839
4.35133	0.675878
4.35224	0.676916
4.35315	0.677953
4.35406	0.67899
4.35498	0.680026
4.35589	0.681062
4.3568	0.682097
4.35771	0.683132
4.35862	0.684166
4.35954	0.6852
4.36045	0.686232
4.36136	0.687265
4.36227	0.688297
4.36318	0.689328
4.3641	0.690359
4.36501	0.691389
4.36592	0.692418
4.36683	0.693447
4.36774	0.694476
4.36866	0.695504
4.36957	0.696531
4.37048	0.697558
4.37139	0.698584
4.3723	0.69961
4.37322	0.700635
4.37413	0.701659
4.37504	0.702683
4.37595	0.703707
4.37686	0.70473
4.37778	0.705752
4.50362	0.681572
4.50453	0.682564
4.50544	0.683554
4.50635	0.684545
4.50727	0.685535
4.50818	0.686524
4.50909	0.687513
4.51	0.688501
4.51091	0.689489
4.51183	0.690476
4.51274	0.691463
4.51365	0.692449
4.51456	0.693435
4.51547	0.69442
4.51639	0.695405
4.5173	0.696389
4.51821	0.697373
4.51912	0.698356
4.52003	0.699339
4.52095	0.700321
4.52186	0.701303
4.52277	0.702284
4.52368	0.703265
4.52459	0.704245
4.52551	0.705224
4.52642	0.706203
4.52733	0.707182
4.52824	0.70816
4.52915	0.709138
4.53007	0.710115
4.53098	0.711092
4.53189	0.712068
4.5328	0.713043
4.53371	0.714018
4.53463	0.714993
4.53554	0.715967
4.53645	0.716941
4.53736	0.717914
4.53827	0.718886
4.53919	0.719858
4.5401	0.72083
4.54101	0.721801
4.54192	0.722772
4.54283	0.723742
4.54375	0.724711
4.54466	0.72568
4.54557	0.726649
4.54648	0.727617
4.54739	0.728585
4.54831	0.729552
4.54922	0.730518
4.55013	0.731484
4.55104	0.73245
4.55195	0.733415
4.55287	0.73438
4.55378	0.735344
4.55469	0.736307
4.5556	0.737271
4.55651	0.738233
4.55743	0.739195
4.55834	0.740157
4.55925	0.741118
4.56016	0.742079
4.56107	0.743039
4.56199	0.743999
4.5629	0.744958
4.56381	0.745916
4.56472	0.746875
4.56563	0.747832
4.56655	0.74879
4.56746	0.749746
4.56837	0.750703
4.56928	0.751658
4.57019	0.752614
4.57111	0.753568
4.57202	0.754523
4.57293	0.755477
4.57384	0.75643
4.57475	0.757383
4.57567	0.758335
4.57658	0.759287
4.57749	0.760238
4.5784	0.761189
4.57931	0.76214
4.58023	0.763089
4.58114	0.764039
4.58205	0.764988
4.58296	0.765936
4.80099	0.72308
4.8019	0.723984
4.80281	0.724887
4.80372	0.72579
4.80463	0.726693
4.80555	0.727595
4.80646	0.728497
4.80737	0.729398
4.80828	0.730299
4.80919	0.731199
4.81011	0.732099
4.81102	0.732999
4.81193	0.733898
4.81284	0.734797
4.81375	0.735695
4.81467	0.736593
4.81558	0.73749
4.81649	0.738387
4.8174	0.739284
4.81831	0.74018
4.81923	0.741076
4.82014	0.741971
4.82105	0.742866
4.82196	0.74376
4.82287	0.744654
4.82379	0.745548
4.8247	0.746441
4.82561	0.747334
4.82652	0.748226
4.82743	0.749118
4.82835	0.750009
4.82926	0.7509
4.83017	0.751791
4.83108	0.752681
4.83199	0.753571
4.83291	0.75446
4.83382	0.755349
4.83473	0.756238
4.83564	0.757126
4.83655	0.758013
4.83747	0.758901
4.83838	0.759787
4.83929	0.760674
4.8402	0.76156
4.84111	0.762445
4.84203	0.76333
4.84294	0.764215
4.84385	0.765099
4.84476	0.765983
4.84567	0.766867
4.84659	0.76775
4.8475	0.768632
4.84841	0.769515
4.84932	0.770396
4.85023	0.771278
4.85115	0.772159
4.85206	0.773039
4.85297	0.773919
4.85388	0.774799
4.85479	0.775678
4.85571	0.776557
4.85662	0.777435
4.85753	0.778313
4.85844	0.779191
4.85935	0.780068
4.86027	0.780945
4.86118	0.781821
4.86209	0.782697
4.863	0.783573
4.86391	0.784448
4.86483	0.785323
4.86574	0.786197
4.86665	0.787071
4.86756	0.787944
4.86847	0.788817
4.86939	0.78969
4.8703	0.790562
4.87121	0.791434
4.87212	0.792305
4.87303	0.793176
4.87395	0.794047
4.87486	0.794917
4.87577	0.795787
4.87668	0.796656
4.87759	0.797525
4.87851	0.798394
4.87942	0.799262
4.88033	0.80013
4.88124	0.800997
4.88215	0.801864
4.88307	0.802731
4.88398	0.803597
4.88489	0.804462
4.8858	0.805328
4.88671	0.806192
4.88763	0.807057
4.88854	0.807921
4.88945	0.808785
4.89036	0.809648
4.89127	0.810511
4.89219	0.811373
4.8931	0.812235
4.89401	0.813097
4.89492	0.813958
4.89583	0.814819
4.89675	0.815679
4.89766	0.816539
4.89857	0.817399
4.89948	0.818258
4.90039	0.819117
4.90131	0.819976
4.90222	0.820834
4.90313	0.821691
4.90404	0.822548
4.90495	0.823405
4.90587	0.824262
4.90678	0.825118
4.90769	0.825973
4.9086	0.826828
4.90951	0.827683
4.91043	0.828538
4.92592	0.826311
4.92683	0.827162
4.92775	0.828013
4.92866	0.828863
4.92957	0.829713
4.93048	0.830563
4.93139	0.831412
4.93231	0.832261
4.93322	0.833109
4.93413	0.833957
4.93504	0.834805
4.93595	0.835652
4.93687	0.836499
4.93778	0.837345
4.93869	0.838191
4.9396	0.839037
4.94051	0.839882
4.94143	0.840727
4.94234	0.841572
4.94325	0.842416
4.94416	0.843259
4.94507	0.844103
4.94599	0.844946
4.9469	0.845788
4.94781	0.84663
4.94872	0.847472
4.94963	0.848313
4.95055	0.849154
4.95146	0.849995
4.95237	0.850835
4.95328	0.851675
4.95419	0.852514
4.95511	0.853353
4.95602	0.854192
4.95693	0.85503
4.95784	0.855868
4.95875	0.856706
4.95967	0.857543
4.96058	0.85838
4.96149	0.859216
4.9624	0.860052
4.96331	0.860888
4.96423	0.861723
4.96514	0.862558
4.96605	0.863392
4.96696	0.864226
4.96787	0.86506
4.96879	0.865893
4.9697	0.866726
4.97061	0.867558
4.97152	0.86839
4.97243	0.869222
4.97335	0.870053
4.97426	0.870884
4.97517	0.871715
4.97608	0.872545
4.97699	0.873375
4.97791	0.874205
4.99979	0.870447
5.0007	0.871272
5.00161	0.872097
5.00252	0.872922
5.00343	0.873746
5.00435	0.87457
5.00526	0.875393
5.00617	0.876217
5.00708	0.877039
5.00799	0.877862
5.00891	0.878684
5.00982	0.879505
5.01073	0.880327
5.01164	0.881148
5.01255	0.881968
5.01347	0.882788
5.01438	0.883608
5.01529	0.884427
5.0162	0.885246
5.01711	0.886065
5.01803	0.886883
5.01894	0.887701
5.01985	0.888519
5.02076	0.889336
5.02167	0.890153
5.02259	0.890969
5.0235	0.891785
5.02441	0.892601
5.02532	0.893416
5.02623	0.894231
5.02715	0.895046
5.02806	0.89586
5.02897	0.896674
5.02988	0.897487
5.03079	0.898301
5.03171	0.899113
5.03262	0.899926
5.03353	0.900738
5.03444	0.901549
5.03535	0.902361
5.03627	0.903172
5.03718	0.903982
5.03809	0.904792
5.039	0.905602
5.03991	0.906411
5.04083	0.907221
5.04174	0.908029
5.04265	0.908838
5.04356	0.909646
5.04447	0.910453
5.04539	0.911261
5.0463	0.912067
5.04721	0.912874
5.04812	0.91368
5.04903	0.914486
5.04995	0.915291
5.05086	0.916096
5.05177	0.916901
5.05268	0.917705
5.05359	0.918509
5.05451	0.919313
5.05542	0.920116
5.05633	0.920919
5.05724	0.921722
5.05815	0.922524
5.05907	0.923326
5.05998	0.924127
5.06089	0.924928
5.0618	0.925729
5.06271	0.92653
5.06363	0.92733
5.06454	0.928129
5.06545	0.928929
5.06636	0.929727
5.06727	0.930526
5.06819	0.931324
5.0691	0.932122
5.07001	0.93292
5.07092	0.933717
5.07183	0.934514
5.07275	0.93531
5.07366	0.936106
5.07457	0.936902
5.07548	0.937697
5.1457	0.922803
5.14661	0.923588
5.14752	0.924373
5.14843	0.925157
5.14935	0.925941
5.15026	0.926724
5.15117	0.927507
5.15208	0.92829
5.15299	0.929072
5.15391	0.929854
5.15482	0.930636
5.15573	0.931417
5.15664	0.932199
5.15755	0.932979
5.15847	0.93376
5.15938	0.93454
5.16029	0.935319
5.1612	0.936099
5.16211	0.936878
5.16303	0.937656
5.16394	0.938435
5.16485	0.939213
5.16576	0.93999
5.16667	0.940768
5.16759	0.941544
5.1685	0.942321
5.16941	0.943097
5.17032	0.943873
5.17123	0.944649
5.17215	0.945424
5.17306	0.946199
5.17397	0.946974
5.17488	0.947748
5.17579	0.948522
5.17671	0.949295
5.17762	0.950069
5.17853	0.950841
5.17944	0.951614
5.18035	0.952386
5.18127	0.953158
5.18218	0.95393
5.18309	0.954701
5.184	0.955472
5.18491	0.956242
5.18583	0.957012
5.18674	0.957782
5.18765	0.958552
5.18856	0.959321
5.18947	0.96009
5.19039	0.960858
5.1913	0.961627
5.19221	0.962394
5.19312	0.963162
5.19403	0.963929
5.19495	0.964696
5.19586	0.965463
5.19677	0.966229
5.19768	0.966995
5.19859	0.96776
5.19951	0.968525
5.20042	0.96929
5.20133	0.970055
5.20224	0.970819
5.20315	0.971583
5.20407	0.972346
5.20498	0.973109
5.20589	0.973872
5.2068	0.974635
5.20771	0.975397
5.20863	0.976159
5.20954	0.97692
5.21045	0.977682
5.21136	0.978443
5.21227	0.979203
5.21319	0.979963
5.2141	0.980723
5.21501	0.981483
5.21592	0.982242
5.21683	0.983001
5.21775	0.983759
5.21866	0.984518
5.21957	0.985276
5.22048	0.986033
5.22139	0.986791
5.22231	0.987547
5.22322	0.988304
5.28978	0.973924
5.29069	0.974672
5.2916	0.975419
5.29251	0.976166
5.29343	0.976913
5.29434	0.977659
5.29525	0.978405
5.29616	0.979151
5.29707	0.979896
5.29799	0.980642
5.2989	0.981386
5.29981	0.982131
5.30072	0.982875
5.30163	0.983619
5.30255	0.984362
5.30346	0.985105
5.30437	0.985848
5.30528	0.986591
5.30619	0.987333
5.30711	0.988075
5.30802	0.988817
5.30893	0.989558
5.30984	0.990299
5.31075	0.99104
5.31167	0.99178
5.31258	0.99252
5.31349	0.99326
5.3144	0.993999
5.31531	0.994738
5.31623	0.995477
5.31714	0.996215
5.31805	0.996954
5.31896	0.997692
5.31987	0.998429
5.32079	0.999166
5.3217	0.999903
5.32261	1.00064
5.32352	1.00138
5.32443	1.00211
5.32535	1.00285
5.32626	1.00358
5.32717	1.00432
5.32808	1.00505
5.32899	1.00579
5.32991	1.00652
5.33082	1.00726
5.33173	1.00799
5.33264	1.00872
5.33355	1.00945
5.33447	1.01019
5.33538	1.01092
5.33629	1.01165
5.3372	1.01238
5.33811	1.01311
5.33903	1.01385
5.33994	1.01458
5.34085	1.01531
5.34176	1.01604
5.34267	1.01677
5.34359	1.0175
5.3445	1.01823
5.34541	1.01895
5.34632	1.01968
5.34723	1.02041
5.34815	1.02114
5.34906	1.02187
5.34997	1.02259
5.35088	1.02332
5.35179	1.02405
5.35271	1.02477
5.35362	1.0255
5.35453	1.02623
5.35544	1.02695
5.35635	1.02768
5.35727	1.0284
5.35818	1.02913
5.35909	1.02985
5.36	1.03058
5.36091	1.0313
5.36183	1.03202
5.36274	1.03275
5.36365	1.03347
5.36456	1.03419
5.36547	1.03491
5.36639	1.03564
5.3673	1.03636
5.36821	1.03708
5.36912	1.0378
5.37003	1.03852
5.37095	1.03924
5.37186	1.03996
5.37277	1.04068
5.37368	1.0414
5.37459	1.04212
5.37551	1.04284
5.37642	1.04356
5.37733	1.04427
5.37824	1.04499
5.37915	1.04571
5.38007	1.04643
5.38098	1.04715
5.38189	1.04786
5.3828	1.04858
5.38371	1.04929
5.38463	1.05001
5.38554	1.05073
5.38645	1.05144
5.38736	1.05216
5.38827	1.05287
5.38919	1.05359
5.3901	1.0543
5.39101	1.05501
5.39192	1.05573
5.39283	1.05644
5.39375	1.05715
5.39466	1.05787
5.39557	1.05858
5.39648	1.05929
5.39739	1.06
5.45119	1.04811
5.4521	1.04882
5.45302	1.04952
5.45393	1.05023
5.45484	1.05093
5.45575	1.05164
5.45666	1.05234
5.45758	1.05304
5.45849	1.05375
5.4594	1.05445
5.46031	1.05515
5.46122	1.05585
5.46214	1.05656
5.46305	1.05726
5.46396	1.05796
5.46487	1.05866
5.46578	1.05936
5.4667	1.06006
5.46761	1.06076
5.46852	1.06146
5.46943	1.06216
5.47034	1.06286
5.47126	1.06356
5.47217	1.06426
5.47308	1.06496
5.47399	1.06566
5.4749	1.06636
5.47582	1.06705
5.47673	1.06775
5.47764	1.06845
5.47855	1.06915
5.47946	1.06984
5.48038	1.07054
5.48129	1.07124
5.4822	1.07193
5.48311	1.07263
5.48402	1.07332
5.48494	1.07402
5.48585	1.07471
5.48676	1.07541
5.48767	1.0761
5.48858	1.07679
5.4895	1.07749
5.49041	1.07818
5.49132	1.07887
5.49223	1.07957
5.49314	1.08026
5.49406	1.08095
5.49497	1.08164
5.49588	1.08234
5.49679	1.08303
5.4977	1.08372
5.49862	1.08441
5.49953	1.0851
5.50044	1.08579
5.50135	1.08648
5.50226	1.08717
5.50318	1.08786
5.50409	1.08855
5.505	1.08924
5.50591	1.08992
5.50682	1.09061
5.50774	1.0913
5.50865	1.09199
5.50956	1.09268
5.51047	1.09336
5.51138	1.09405
5.5123	1.09474
5.70496	1.05078
5.70588	1.05144
5.70679	1.05211
5.7077	1.05278
5.70861	1.05344
5.70952	1.05411
5.71044	1.05477
5.71135	1.05544
5.71226	1.0561
5.73596	1.05168
5.73688	1.05235
5.73779	1.05301
5.7387	1.05367
5.73961	1.05433
5.74052	1.05499
5.74144	1.05565
5.74235	1.05631
5.74326	1.05697
5.74417	1.05763
5.74508	1.05829
5.746	1.05895
5.74691	1.05961
5.74782	1.06027
5.74873	1.06093
5.74964	1.06159
5.75056	1.06225
5.75147	1.06291
5.75238	1.06356
5.75329	1.06422
5.7542	1.06488
5.75512	1.06554
5.75603	1.06619
5.75694	1.06685
5.75785	1.06751
5.75876	1.06816
5.79797	1.06029
5.79888	1.06094
5.79979	1.06159
5.8007	1.06224
5.80161	1.0629
5.80253	1.06355
5.80344	1.0642
5.80435	1.06485
5.80526	1.0655
5.80617	1.06615
5.80709	1.0668
5.808	1.06745
5.80891	1.0681
5.80982	1.06875
5.81073	1.0694
5.81165	1.07004
5.81256	1.07069
5.81347	1.07134
5.81438	1.07199
5.81529	1.07264
5.81621	1.07328
5.81712	1.07393
5.81803	1.07458
5.81894	1.07522
5.81985	1.07587
5.82077	1.07652
5.82168	1.07716
5.82259	1.07781
5.8235	1.07845
5.82441	1.0791
5.82533	1.07974
5.82624	1.08039
5.82715	1.08103
5.82806	1.08168
5.82897	1.08232
5.82989	1.08296
5.8308	1.08361
5.83171	1.08425
5.83262	1.08489
5.83353	1.08554
5.83445	1.08618
5.83536	1.08682
5.83627	1.08746
5.83718	1.0881
5.83809	1.08875
5.83901	1.08939
5.83992	1.09003
5.84083	1.09067
5.84174	1.09131
5.84265	1.09195
5.84357	1.09259
5.84448	1.09323
5.84539	1.09387
5.8463	1.09451
5.84721	1.09515
5.84813	1.09579
5.84904	1.09643
5.84995	1.09706
5.85086	1.0977
5.85177	1.09834
5.85269	1.09898
5.8536	1.09961
5.85451	1.10025
5.85542	1.10089
5.85633	1.10153
5.85725	1.10216
5.88459	1.09683
5.91924	1.08994
5.92016	1.09057
5.92107	1.0912
5.92198	1.09183
5.92289	1.09246
5.9238	1.09309
5.92472	1.09372
5.92563	1.09435
5.92654	1.09497
5.92745	1.0956
5.92836	1.09623
5.92928	1.09686
5.93019	1.09749
5.9311	1.09811
5.93201	1.09874
5.93292	1.09937
5.93384	1.1
5.93475	1.10062
5.93566	1.10125
5.93657	1.10188
5.93748	1.1025
5.9384	1.10313
5.93931	1.10375
5.94022	1.10438
5.94113	1.105
5.94204	1.10563
5.94296	1.10625
5.94387	1.10688
5.94478	1.1075
5.94569	1.10813
5.9466	1.10875
5.94752	1.10937
5.94843	1.11
5.94934	1.11062
5.95025	1.11124
5.95116	1.11186
5.95208	1.11249
5.95299	1.11311
5.9539	1.11373
5.95481	1.11435
5.95572	1.11497
5.95664	1.1156
5.95755	1.11622
5.95846	1.11684
5.95937	1.11746
5.96028	1.11808
5.9612	1.1187
5.96211	1.11932
5.96302	1.11994
5.96393	1.12056
5.96484	1.12118
5.96576	1.1218
5.96667	1.12241
5.96758	1.12303
5.96849	1.12365
5.9694	1.12427
5.97032	1.12489
5.97123	1.1255
5.97214	1.12612
5.97305	1.12674
6.09069	1.1015
6.09161	1.10211
6.09252	1.10272
6.09343	1.10333
6.09434	1.10393
6.09525	1.10454
6.12078	1.09983
6.12169	1.10044
6.1226	1.10104
6.12352	1.10164
6.12443	1.10225
6.12534	1.10285
6.12625	1.10345
6.12716	1.10406
6.12808	1.10466
6.12899	1.10526
6.1299	1.10586
6.13081	1.10646
6.13172	1.10707
6.13264	1.10767
6.13355	1.10827
6.13446	1.10887
6.13537	1.10947
6.13628	1.11007
6.1372	1.11067
6.13811	1.11127
6.13902	1.11187
6.13993	1.11247
6.14084	1.11307
6.14176	1.11367
6.14267	1.11427
6.14358	1.11487
6.14449	1.11546
6.1454	1.11606
6.14631	1.11666
6.14723	1.11726
6.14814	1.11786
6.14905	1.11845
6.14996	1.11905
6.15087	1.11965
6.15179	1.12025
6.1527	1.12084
6.15361	1.12144
6.15452	1.12203
6.15543	1.12263
6.15635	1.12323
6.15726	1.12382
6.15817	1.12442
6.15908	1.12501
6.15999	1.12561
6.16091	1.1262
6.16182	1.1268
6.16273	1.12739
6.16364	1.12799
6.16455	1.12858
6.16547	1.12917
6.16638	1.12977
6.16729	1.13036
6.1682	1.13095
6.16911	1.13155
6.17003	1.13214
6.17094	1.13273
6.17185	1.13332
6.17276	1.13391
6.17367	1.13451
6.17459	1.1351
6.1755	1.13569
6.17641	1.13628
6.17732	1.13687
6.17823	1.13746
6.17915	1.13805
6.18006	1.13864
6.18097	1.13923
6.18188	1.13982
6.18279	1.14041
6.18371	1.141
6.18462	1.14159
6.18553	1.14218
6.18644	1.14277
6.18735	1.14336
6.18827	1.14395
6.18918	1.14454
6.19009	1.14512
6.191	1.14571
6.19191	1.1463
6.19283	1.14689
6.19374	1.14747
6.19465	1.14806
6.19556	1.14865
6.19647	1.14923
6.19739	1.14982
6.1983	1.15041
6.19921	1.15099
6.20012	1.15158
6.20103	1.15216
6.20195	1.15275
6.20286	1.15334
6.20377	1.15392
6.20468	1.1545
6.20559	1.15509
6.20651	1.15567
6.20742	1.15626
6.25209	1.1472
6.253	1.14778
6.25392	1.14836
6.25483	1.14894
6.25574	1.14952
6.25665	1.1501
6.25756	1.15068
6.25848	1.15126
6.25939	1.15184
6.2603	1.15242
6.26121	1.153
6.26212	1.15358
6.26304	1.15416
6.26395	1.15473
6.26486	1.15531
6.26577	1.15589
6.26668	1.15647
6.2676	1.15705
6.26851	1.15762
6.26942	1.1582
6.27033	1.15878
6.27124	1.15935
6.27216	1.15993
6.27307	1.16051
6.27398	1.16108
6.27489	1.16166
6.2758	1.16223
6.27672	1.16281
6.27763	1.16338
6.27854	1.16396
6.27945	1.16453
6.28036	1.16511
6.28128	1.16568
6.28219	1.16626
6.2831	1.16683
6.33599	1.15603
6.3369	1.1566
6.33782	1.15717
6.33873	1.15774
6.33964	1.15831
6.34055	1.15888
6.34146	1.15945
6.34238	1.16002
6.34329	1.16059
6.3442	1.16115
6.34511	1.16172
6.34602	1.16229
6.34694	1.16286
6.34785	1.16343
6.34876	1.16399
6.34967	1.16456
6.35058	1.16513
6.3515	1.16569
6.35241	1.16626
6.35332	1.16683
6.35423	1.16739
6.35514	1.16796
6.35606	1.16853
6.35697	1.16909
6.35788	1.16966
6.35879	1.17022
6.3597	1.17079
6.36062	1.17135
6.36153	1.17192
6.36244	1.17248
6.36335	1.17305
6.36426	1.17361
6.36518	1.17417
6.36609	1.17474
6.367	1.1753
6.36791	1.17586
6.36882	1.17643
6.36974	1.17699
6.37065	1.17755
6.37156	1.17812
6.37247	1.17868
6.37338	1.17924
6.3743	1.1798
6.37521	1.18036
6.37612	1.18093
6.37703	1.18149
6.37794	1.18205
6.37886	1.18261
6.37977	1.18317
6.38068	1.18373
6.38159	1.18429
6.3825	1.18485
6.43812	1.17349
6.43904	1.17404
6.43995	1.1746
6.44086	1.17516
6.44177	1.17571
6.44268	1.17627
6.4436	1.17682
6.44451	1.17738
6.44542	1.17793
6.44633	1.17849
6.44724	1.17904
6.44816	1.1796
6.44907	1.18015
6.44998	1.1807
6.45089	1.18126
6.4518	1.18181
6.45272	1.18237
6.45363	1.18292
6.45454	1.18347
6.45545	1.18403
6.45636	1.18458
6.45728	1.18513
6.45819	1.18568
6.4591	1.18624
6.46001	1.18679
6.46092	1.18734
6.46184	1.18789
6.46275	1.18844
6.46366	1.18899
6.46457	1.18954
6.46548	1.1901
6.4664	1.19065
6.46731	1.1912
6.46822	1.19175
6.46913	1.1923
6.47004	1.19285
6.47096	1.1934
6.47187	1.19395
6.47278	1.1945
6.47369	1.19505
6.4746	1.19559
6.47552	1.19614
6.47643	1.19669
6.47734	1.19724
6.47825	1.19779
6.47916	1.19834
6.48008	1.19889
6.48099	1.19943
6.4819	1.19998
6.48281	1.20053
6.48372	1.20108
6.48464	1.20162
6.48555	1.20217
6.48646	1.20272
6.48737	1.20326
6.48828	1.20381
6.4892	1.20436
6.49011	1.2049
6.49102	1.20545
6.49193	1.20599
6.49284	1.20654
6.49376	1.20708
6.49467	1.20763
6.49558	1.20817
6.49649	1.20872
6.4974	1.20926
6.49832	1.20981
6.49923	1.21035
6.50014	1.2109
6.50105	1.21144
6.50196	1.21198
6.50288	1.21253
6.50379	1.21307
6.5047	1.21361
6.50561	1.21416
6.50652	1.2147
6.50744	1.21524
6.50835	1.21578
6.50926	1.21633
6.51017	1.21687
6.51108	1.21741
6.512	1.21795
6.51291	1.21849
6.51382	1.21903
6.51473	1.21958
6.71726	1.17709
6.71817	1.17762
6.71908	1.17815
6.72	1.17868
6.72091	1.1792
6.72182	1.17973
6.72273	1.18026
6.72364	1.18079
6.72456	1.18131
6.72547	1.18184
6.72638	1.18237
6.72729	1.18289
6.7282	1.18342
6.72912	1.18395
6.73003	1.18447
6.73094	1.185
6.73185	1.18553
6.73276	1.18605
6.73368	1.18658
6.73459	1.1871
6.7355	1.18763
6.73641	1.18815
6.73732	1.18868
6.73824	1.1892
6.73915	1.18973
6.74006	1.19025
6.74097	1.19078
6.74188	1.1913
6.7428	1.19183
6.74371	1.19235
6.74462	1.19287
6.74553	1.1934
6.74644	1.19392
6.74736	1.19444
6.74827	1.19497
6.74918	1.19549
6.75009	1.19601
6.751	1.19654
6.75192	1.19706
6.75283	1.19758
6.75374	1.1981
6.75465	1.19862
6.75556	1.19915
6.75648	1.19967
6.75739	1.20019
6.7583	1.20071
6.75921	1.20123
6.76012	1.20175
6.76104	1.20227
6.80663	1.19354
6.80754	1.19406
6.80845	1.19457
6.80936	1.19509
6.81027	1.19561
6.81119	1.19613
6.8121	1.19664
6.81301	1.19716
6.81392	1.19768
6.81483	1.19819
6.81575	1.19871
6.81666	1.19923
6.81757	1.19974
6.81848	1.20026
6.81939	1.20077
6.82031	1.20129
6.82122	1.20181
6.82213	1.20232
6.82304	1.20284
6.82395	1.20335
6.82487	1.20387
6.82578	1.20438
6.82669	1.20489
6.8276	1.20541
6.82851	1.20592
6.82943	1.20644
6.83034	1.20695
6.83125	1.20746
6.83216	1.20798
6.83307	1.20849
6.83399	1.209
6.8349	1.20952
6.83581	1.21003
6.83672	1.21054
6.83763	1.21106
6.83855	1.21157
6.83946	1.21208
6.84037	1.21259
6.84128	1.2131
6.84219	1.21362
6.84311	1.21413
6.84402	1.21464
6.84493	1.21515
6.84584	1.21566
6.84675	1.21617
6.84767	1.21668
6.84858	1.21719
6.84949	1.2177
6.8504	1.21821
6.85131	1.21872
6.85223	1.21923
6.85314	1.21974
6.85405	1.22025
6.85496	1.22076
6.85587	1.22127
6.85679	1.22178
6.8577	1.22229
6.85861	1.2228
6.85952	1.22331
6.86043	1.22382
6.86135	1.22433
6.86226	1.22483
6.86317	1.22534
6.86408	1.22585
6.90055	1.21897
6.90146	1.21947
6.90238	1.21998
6.90329	1.22048
6.9042	1.22099
6.90511	1.22149
6.90602	1.222
6.90694	1.2225
6.90785	1.22301
6.90876	1.22351
6.90967	1.22402
6.91058	1.22452
6.9115	1.22502
6.91241	1.22553
6.91332	1.22603
6.91423	1.22654
6.91514	1.22704
6.91606	1.22754
6.91697	1.22805
6.91788	1.22855
6.91879	1.22905
6.9197	1.22955
6.92062	1.23006
6.92153	1.23056
6.92244	1.23106
6.92335	1.23156
6.92426	1.23206
6.92518	1.23257
6.92609	1.23307
6.927	1.23357
6.92791	1.23407
6.92882	1.23457
6.92974	1.23507
6.93065	1.23557
6.93156	1.23607
6.93247	1.23657
6.93338	1.23707
6.9343	1.23757
6.93521	1.23807
6.93612	1.23857
6.93703	1.23907
6.93794	1.23957
6.93886	1.24007
6.93977	1.24057
6.94068	1.24107
6.94159	1.24157
6.9425	1.24207
6.94342	1.24257
6.94433	1.24306
6.94524	1.24356
6.94615	1.24406
6.94706	1.24456
6.94798	1.24506
6.94889	1.24555
6.958	1.24434
6.95891	1.24483
6.95982	1.24533
6.96074	1.24583
6.96165	1.24632
6.96256	1.24682
6.96347	1.24732
6.96438	1.24781
6.9653	1.24831
6.96621	1.2488
6.96712	1.2493
6.96803	1.2498
6.96894	1.25029
6.96986	1.25079
6.97077	1.25128
6.97168	1.25178
6.97259	1.25227
6.9735	1.25276
6.97442	1.25326
6.97533	1.25375
6.97624	1.25425
6.97715	1.25474
6.97806	1.25523
6.97898	1.25573
6.97989	1.25622
6.9808	1.25672
6.98171	1.25721
6.98262	1.2577
6.98354	1.25819
6.98445	1.25869
6.98536	1.25918
6.98627	1.25967
6.98718	1.26016
6.9881	1.26066
6.98901	1.26115
6.98992	1.26164
6.99083	1.26213
6.99174	1.26262
7.0957	1.24176
7.09661	1.24225
7.09753	1.24273
7.09844	1.24322
7.09935	1.2437
7.10026	1.24419
7.10117	1.24468
7.10209	1.24516
7.103	1.24565
7.10391	1.24613
7.10482	1.24662
7.10573	1.2471
7.10665	1.24758
7.10756	1.24807
7.10847	1.24855
7.10938	1.24904
7.11029	1.24952
7.11121	1.25001
7.11212	1.25049
7.11303	1.25097
7.11394	1.25146
7.11485	1.25194
7.11577	1.25242
7.11668	1.2529
7.11759	1.25339
7.1185	1.25387
7.11941	1.25435
7.12033	1.25484
7.12124	1.25532
7.12215	1.2558
7.12306	1.25628
7.12397	1.25676
7.12489	1.25724
7.1258	1.25773
7.12671	1.25821
7.12762	1.25869
7.12853	1.25917
7.12945	1.25965
7.13036	1.26013
7.13127	1.26061
7.13218	1.26109
7.13309	1.26157
7.13401	1.26205
7.13492	1.26253
7.13583	1.26301
7.13674	1.26349
7.13765	1.26397
7.13857	1.26445
7.13948	1.26493
7.14039	1.26541
7.1413	1.26589
7.14221	1.26637
7.14313	1.26685
7.14404	1.26733
7.14495	1.2678
7.14586	1.26828
7.14677	1.26876
7.14769	1.26924
7.15315	1.26878
7.15406	1.26926
7.15497	1.26973
7.15588	1.27021
7.15679	1.27069
7.15771	1.27116
7.15862	1.27164
7.15953	1.27212
7.16044	1.27259
7.16135	1.27307
7.16227	1.27355
7.16318	1.27402
7.16409	1.2745
7.165	1.27498
7.16591	1.27545
7.16683	1.27593
7.16774	1.2764
7.16865	1.27688
7.16956	1.27735
7.17047	1.27783
7.17139	1.2783
7.1723	1.27878
7.17321	1.27925
7.17412	1.27973
7.17503	1.2802
7.17595	1.28067
7.17686	1.28115
7.17777	1.28162
7.17868	1.2821
7.17959	1.28257
7.18051	1.28304
7.18142	1.28352
7.18233	1.28399
7.18324	1.28446
7.18415	1.28494
7.18507	1.28541
7.18598	1.28588
7.18689	1.28635
7.1878	1.28683
7.18871	1.2873
7.18963	1.28777
7.19054	1.28824
7.19145	1.28871
7.19236	1.28919
7.19327	1.28966
7.19419	1.29013
7.1951	1.2906
7.19601	1.29107
7.19692	1.29154
7.19783	1.29201
7.19875	1.29248
7.19966	1.29295
7.20057	1.29342
7.20148	1.29389
7.20239	1.29436
7.20331	1.29483
7.20422	1.2953
7.20513	1.29577
7.20604	1.29624
7.20695	1.29671
7.20787	1.29718
7.20878	1.29765
7.20969	1.29812
7.2106	1.29859
7.21151	1.29906
7.21243	1.29953
7.21334	1.3
7.21425	1.30046
7.21516	1.30093
7.21607	1.3014
7.21699	1.30187
7.2179	1.30234
7.21881	1.3028
7.21972	1.30327
7.22063	1.30374
7.22155	1.30421
7.22246	1.30467
7.22337	1.30514
7.22428	1.30561
7.22519	1.30607
7.22611	1.30654
7.22702	1.30701
7.22793	1.30747
7.22884	1.30794
7.22975	1.3084
7.23067	1.30887
7.23158	1.30934
7.23249	1.3098
7.2334	1.31027
7.23431	1.31073
7.23523	1.3112
7.23614	1.31166
7.23705	1.31213
7.23796	1.31259
7.23887	1.31306
7.23979	1.31352
7.2407	1.31399
7.24161	1.31445
7.24252	1.31491
7.24343	1.31538
7.24435	1.31584
7.24526	1.31631
7.24617	1.31677
7.24708	1.31723
7.24799	1.3177
7.24891	1.31816
7.24982	1.31862
7.25073	1.31909
7.25164	1.31955
7.25255	1.32001
7.25347	1.32047
7.25438	1.32094
7.25529	1.3214
7.2562	1.32186
7.25711	1.32232
7.25803	1.32278
7.25894	1.32325
7.25985	1.32371
7.26076	1.32417
7.26167	1.32463
7.26259	1.32509
7.2635	1.32555
7.26441	1.32601
7.26532	1.32647
7.26623	1.32693
7.26715	1.32739
7.26806	1.32785
7.26897	1.32832
7.27261	1.3282
7.27352	1.32866
7.27443	1.32912
7.27534	1.32958
7.27625	1.33004
7.27717	1.3305
7.27808	1.33095
7.27899	1.33141
7.2799	1.33187
7.28081	1.33233
7.28173	1.33279
7.28264	1.33325
7.28355	1.33371
7.28446	1.33417
7.28537	1.33462
7.28629	1.33508
7.2872	1.33554
7.28811	1.336
7.28902	1.33645
7.28993	1.33691
7.29085	1.33737
7.29176	1.33783
7.29267	1.33828
7.29358	1.33874
7.29449	1.3392
7.29541	1.33965
7.29632	1.34011
7.29723	1.34057
7.29814	1.34102
7.29905	1.34148
7.29997	1.34193
7.30088	1.34239
7.30179	1.34285
7.3027	1.3433
7.30361	1.34376
7.30453	1.34421
7.30544	1.34467
7.30635	1.34512
7.30726	1.34558
7.30817	1.34603
7.30909	1.34649
7.31	1.34694
7.31091	1.3474
7.31182	1.34785
7.31273	1.3483
7.31365	1.34876
7.31456	1.34921
7.31547	1.34967
7.31638	1.35012
7.31729	1.35057
7.31821	1.35103
7.31912	1.35148
7.32003	1.35193
7.32094	1.35239
7.32185	1.35284
7.32277	1.35329
7.32368	1.35374
7.32459	1.3542
7.3255	1.35465
7.32641	1.3551
7.32733	1.35555
7.32824	1.356
7.32915	1.35646
7.33006	1.35691
7.33097	1.35736
7.33189	1.35781
7.3328	1.35826
7.33371	1.35871
7.33462	1.35916
7.59179	1.30676
7.5927	1.3072
7.59362	1.30764
7.59453	1.30808
7.6082	1.30599
7.60911	1.30643
7.61002	1.30687
7.61094	1.30731
7.61185	1.30775
7.61276	1.30819
7.61367	1.30863
7.61458	1.30907
7.6155	1.30951
7.61641	1.30995
7.61732	1.31038
7.61823	1.31082
7.61914	1.31126
7.62006	1.3117
7.62097	1.31214
7.62188	1.31257
7.62279	1.31301
7.6237	1.31345
7.62462	1.31389
7.62553	1.31432
7.62644	1.31476
7.62735	1.3152
7.62826	1.31564
7.62918	1.31607
7.63009	1.31651
7.631	1.31695
7.63191	1.31738
7.63282	1.31782
7.63374	1.31826
7.63465	1.31869
7.63556	1.31913
7.63647	1.31956
7.63738	1.32
7.6383	1.32044
7.68206	1.3124
7.68298	1.31283
7.68389	1.31327
7.6848	1.3137
7.68571	1.31413
7.68662	1.31457
7.68754	1.315
7.68845	1.31543
7.68936	1.31587
7.69027	1.3163
7.69118	1.31673
7.6921	1.31716
7.69301	1.3176
7.69392	1.31803
7.69483	1.31846
7.69574	1.31889
7.69666	1.31933
7.69757	1.31976
7.69848	1.32019
7.69939	1.32062
7.7003	1.32105
7.70122	1.32148
7.70213	1.32192
7.76505	1.31023
7.76597	1.31065
7.76688	1.31108
7.76779	1.31151
7.7687	1.31194
7.76961	1.31237
7.77053	1.3128
7.77144	1.31322
7.77235	1.31365
7.77326	1.31408
7.77417	1.31451
7.77509	1.31494
7.776	1.31536
7.77691	1.31579
7.77782	1.31622
7.77873	1.31664
7.77965	1.31707
7.78056	1.3175
7.78147	1.31793
7.78238	1.31835
7.78329	1.31878
7.78421	1.31921
7.78512	1.31963
7.78603	1.32006
7.78694	1.32048
7.78785	1.32091
7.78877	1.32134
7.78968	1.32176
7.79059	1.32219
7.7915	1.32261
7.79241	1.32304
7.79333	1.32346
7.79424	1.32389
7.79515	1.32431
7.79606	1.32474
7.79697	1.32516
7.79789	1.32559
7.7988	1.32601
7.79971	1.32644
7.80062	1.32686
7.80153	1.32729
7.80245	1.32771
7.80336	1.32813
7.80427	1.32856
7.80518	1.32898
7.80609	1.32941
7.80701	1.32983
7.80792	1.33025
7.80883	1.33068
7.80974	1.3311
7.81065	1.33152
7.81157	1.33195
7.81248	1.33237
7.81339	1.33279
7.8143	1.33321
7.81521	1.33364
7.81613	1.33406
7.81704	1.33448
7.81795	1.3349
7.81886	1.33533
7.81977	1.33575
7.82069	1.33617
7.8216	1.33659
7.84894	1.33185
7.84985	1.33228
7.85076	1.3327
7.85168	1.33312
7.85259	1.33354
7.8535	1.33396
7.85441	1.33438
7.85532	1.3348
7.85624	1.33522
7.85715	1.33564
7.85806	1.33606
7.85897	1.33648
7.85988	1.33689
7.8608	1.33731
7.86171	1.33773
7.86262	1.33815
7.86353	1.33857
7.86444	1.33899
7.86536	1.33941
7.86627	1.33983
7.86718	1.34025
7.86809	1.34066
7.869	1.34108
7.98117	1.32012
7.98209	1.32054
7.983	1.32095
7.98391	1.32136
7.98482	1.32178
7.98573	1.32219
7.98665	1.32261
7.98756	1.32302
7.98847	1.32343
7.98938	1.32385
7.99029	1.32426
7.99121	1.32467
7.99212	1.32509
7.99303	1.3255
7.99394	1.32591
7.99485	1.32632
7.99577	1.32674
7.99668	1.32715
7.99759	1.32756
7.9985	1.32797
7.99941	1.32839
8.00033	1.3288
8.00124	1.32921
8.00215	1.32962
8.00306	1.33003
8.00397	1.33044
8.00489	1.33086
8.02768	1.32712
8.02859	1.32753
8.0295	1.32794
8.03042	1.32835
8.03133	1.32876
8.03224	1.32917
8.03315	1.32958
8.03406	1.32999
8.03498	1.3304
8.03589	1.33081
8.0368	1.33122
8.03771	1.33163
8.03862	1.33204
8.03954	1.33245
8.04045	1.33286
8.04136	1.33327
8.04227	1.33368
8.04318	1.33409
8.0441	1.3345
8.04501	1.33491
8.04592	1.33531
8.04683	1.33572
8.04774	1.33613
8.04866	1.33654
8.04957	1.33695
8.05048	1.33735
8.05139	1.33776
8.0523	1.33817
8.05322	1.33858
8.05413	1.33899
8.05504	1.33939
8.05595	1.3398
8.05686	1.34021
8.05778	1.34062
8.05869	1.34102
8.0596	1.34143
8.06051	1.34184
8.06142	1.34224
8.06234	1.34265
8.06325	1.34306
8.06416	1.34346
8.06507	1.34387
8.06598	1.34427
8.0669	1.34468
8.06781	1.34509
8.06872	1.34549
8.06963	1.3459
8.07054	1.3463
8.07146	1.34671
8.07237	1.34712
8.07328	1.34752
8.07419	1.34793
8.0751	1.34833
8.07602	1.34874
8.07693	1.34914
8.07784	1.34955
8.07875	1.34995
8.07966	1.35036
8.08058	1.35076
8.08149	1.35116
8.0824	1.35157
8.08331	1.35197
8.08422	1.35238
8.08514	1.35278
8.08605	1.35319
8.08696	1.35359
8.08787	1.35399
8.08878	1.3544
8.0897	1.3548
8.09061	1.3552
8.09152	1.35561
8.09243	1.35601
8.09334	1.35641
8.09426	1.35682
8.09517	1.35722
8.09608	1.35762
8.1818	1.34199
8.18271	1.34239
8.18362	1.34279
8.18453	1.34319
8.18544	1.34359
8.18636	1.34399
8.18727	1.34439
8.18818	1.34479
8.18909	1.34518
8.19	1.34558
8.19092	1.34598
8.19183	1.34638
8.19274	1.34678
8.19365	1.34718
8.19456	1.34758
8.19548	1.34798
8.19639	1.34837
8.1973	1.34877
8.19821	1.34917
8.19912	1.34957
8.20004	1.34997
8.20095	1.35036
8.20186	1.35076
8.20277	1.35116
8.20368	1.35156
8.2046	1.35195
8.20551	1.35235
8.20642	1.35275
8.20733	1.35315
8.20824	1.35354
8.20916	1.35394
8.21007	1.35434
8.21098	1.35473
8.21189	1.35513
8.2128	1.35553
8.21372	1.35592
8.21463	1.35632
8.21554	1.35672
8.21645	1.35711
8.21736	1.35751
8.21828	1.3579
8.21919	1.3583
8.2201	1.3587
8.22101	1.35909
8.22192	1.35949
8.22284	1.35988
8.22375	1.36028
8.22466	1.36067
8.22557	1.36107
8.22648	1.36146
8.2274	1.36186
8.22831	1.36225
8.22922	1.36265
8.26113	1.35722
8.26204	1.35762
8.26295	1.35801
8.26387	1.3584
8.26478	1.3588
8.26569	1.35919
8.2666	1.35958
8.26751	1.35998
8.26843	1.36037
8.26934	1.36076
8.27025	1.36115
8.27116	1.36155
8.27207	1.36194
8.27299	1.36233
8.2739	1.36272
8.27481	1.36312
8.27572	1.36351
8.27663	1.3639
8.27755	1.36429
8.27846	1.36468
8.27937	1.36508
8.28028	1.36547
8.28119	1.36586
8.28211	1.36625
8.28302	1.36664
8.28393	1.36703
8.28484	1.36742
8.28575	1.36782
8.28667	1.36821
8.28758	1.3686
8.28849	1.36899
8.2894	1.36938
8.29031	1.36977
8.29123	1.37016
8.29214	1.37055
8.29305	1.37094
8.29396	1.37133
8.29487	1.37172
8.29579	1.37211
8.2967	1.3725
8.29761	1.37289
8.29852	1.37328
8.29943	1.37367
8.30035	1.37406
8.30126	1.37445
8.30217	1.37484
8.30308	1.37523
8.30399	1.37562
8.30491	1.376
8.30582	1.37639
8.30673	1.37678
8.30764	1.37717
8.30855	1.37756
8.30947	1.37795
8.31038	1.37834
8.31129	1.37872
8.3122	1.37911
8.31311	1.3795
8.31403	1.37989
8.31494	1.38028
8.31585	1.38066
8.31676	1.38105
8.31767	1.38144
8.31859	1.38183
8.3195	1.38221
8.32041	1.3826
8.32132	1.38299
8.32223	1.38338
8.32315	1.38376
8.32406	1.38415
8.32497	1.38454
8.32588	1.38492
8.32679	1.38531
8.32771	1.3857
8.32862	1.38608
8.32953	1.38647
8.33044	1.38686
8.33135	1.38724
8.33227	1.38763
8.33318	1.38801
8.33409	1.3884
8.335	1.38879
8.33591	1.38917
8.33683	1.38956
8.33774	1.38994
8.33865	1.39033
8.3888	1.38145
8.38971	1.38183
8.39063	1.38221
8.39154	1.3826
8.39245	1.38298
8.39336	1.38336
8.39427	1.38375
8.39519	1.38413
8.3961	1.38451
8.39701	1.3849
8.39792	1.38528
8.39883	1.38566
8.39975	1.38605
8.40066	1.38643
8.40157	1.38681
8.40248	1.38719
8.40339	1.38758
8.40431	1.38796
8.40522	1.38834
8.40613	1.38872
8.40704	1.3891
8.40795	1.38949
8.40887	1.38987
8.40978	1.39025
8.41069	1.39063
8.4116	1.39101
8.41251	1.39139
8.41343	1.39178
8.41434	1.39216
8.41525	1.39254
8.41616	1.39292
8.41707	1.3933
8.41799	1.39368
8.4189	1.39406
8.41981	1.39444
8.42072	1.39482
8.42163	1.3952
8.42255	1.39558
8.42346	1.39596
8.42437	1.39634
8.42528	1.39672
8.42619	1.3971
8.42711	1.39748
8.42802	1.39786
8.42893	1.39824
8.42984	1.39862
8.43075	1.399
8.43167	1.39938
8.43258	1.39976
8.43349	1.40014
8.4344	1.40052
8.43531	1.4009
8.43623	1.40128
8.43714	1.40166
8.43805	1.40204
8.43896	1.40242
8.43987	1.40279
8.44079	1.40317
8.4417	1.40355
8.44261	1.40393
8.44352	1.40431
8.44443	1.40469
8.44535	1.40506
8.44626	1.40544
8.44717	1.40582
8.44808	1.4062
8.46814	1.40297
8.46905	1.40335
8.46996	1.40372
8.47087	1.4041
8.47178	1.40448
8.4727	1.40485
8.47361	1.40523
8.47725	1.40509
8.47816	1.40547
8.47907	1.40585
8.47998	1.40622
8.4809	1.4066
8.48181	1.40698
8.48272	1.40735
8.48363	1.40773
8.48454	1.4081
8.48546	1.40848
8.48637	1.40885
8.48728	1.40923
8.48819	1.4096
8.4891	1.40998
8.49002	1.41036
8.49093	1.41073
8.49184	1.41111
8.49275	1.41148
8.49366	1.41186
8.49458	1.41223
8.49549	1.4126
8.4964	1.41298
8.49731	1.41335
8.49822	1.41373
8.49914	1.4141
8.50005	1.41448
8.50096	1.41485
8.50187	1.41522
8.73551	1.37301
8.73642	1.37338
8.73733	1.37374
8.73825	1.37411
8.73916	1.37448
8.74007	1.37485
8.74098	1.37521
8.74189	1.37558
8.74281	1.37595
8.74372	1.37631
8.74463	1.37668
8.74554	1.37705
8.74645	1.37741
8.74737	1.37778
8.74828	1.37815
8.74919	1.37851
8.7501	1.37888
8.75101	1.37925
8.75193	1.37961
8.75284	1.37998
8.75375	1.38034
8.75466	1.38071
8.75557	1.38108
8.75649	1.38144
8.7574	1.38181
8.75831	1.38217
8.75922	1.38254
8.76013	1.3829
8.76105	1.38327
8.76196	1.38363
8.76287	1.384
8.76378	1.38436
8.76469	1.38473
8.76561	1.38509
8.76652	1.38546
8.76743	1.38582
8.76834	1.38619
8.76925	1.38655
8.77017	1.38692
8.77108	1.38728
8.77199	1.38765
8.7729	1.38801
8.77381	1.38837
8.77473	1.38874
8.77564	1.3891
8.77655	1.38947
8.77746	1.38983
8.77837	1.39019
8.77929	1.39056
8.7802	1.39092
8.78111	1.39128
8.78202	1.39165
8.78293	1.39201
8.78385	1.39237
8.78476	1.39274
8.78567	1.3931
8.78658	1.39346
8.78749	1.39382
8.78841	1.39419
8.78932	1.39455
8.79023	1.39491
8.79114	1.39527
8.79205	1.39564
8.79297	1.396
8.79388	1.39636
8.79479	1.39672
8.7957	1.39709
8.79661	1.39745
8.79753	1.39781
8.79844	1.39817
8.79935	1.39853
8.80026	1.39889
8.80117	1.39926
8.80209	1.39962
8.803	1.39998
8.80391	1.40034
8.80482	1.4007
8.80573	1.40106
8.87868	1.38861
8.87959	1.38897
8.8805	1.38933
8.88142	1.38969
8.88233	1.39005
8.88324	1.3904
8.88415	1.39076
8.88506	1.39112
8.88598	1.39148
8.88689	1.39184
8.8878	1.3922
8.88871	1.39256
8.88962	1.39291
8.89054	1.39327
8.89145	1.39363
8.89236	1.39399
8.89327	1.39435
8.89418	1.3947
8.8951	1.39506
8.89601	1.39542
8.89692	1.39578
8.89783	1.39613
8.89874	1.39649
8.89966	1.39685
8.90057	1.39721
8.90148	1.39756
8.90239	1.39792
8.9033	1.39828
8.90422	1.39863
8.90513	1.39899
8.90604	1.39935
8.90695	1.3997
8.90786	1.40006
8.90878	1.40042
8.90969	1.40077
8.9106	1.40113
8.91151	1.40149
8.91242	1.40184
8.91334	1.4022
8.91425	1.40255
8.91516	1.40291
8.91607	1.40327
8.91698	1.40362
8.9179	1.40398
8.91881	1.40433
8.91972	1.40469
8.92063	1.40504
8.92154	1.4054
8.92246	1.40575
8.92337	1.40611
8.92428	1.40646
8.92519	1.40682
8.9261	1.40717
8.92702	1.40753
8.92793	1.40788
8.92884	1.40824
8.92975	1.40859
8.93066	1.40895
8.93158	1.4093
8.93249	1.40966
8.9334	1.41001
8.93431	1.41036
8.93522	1.41072
8.93614	1.41107
8.93705	1.41143
8.93796	1.41178
8.93887	1.41213
8.93978	1.41249
8.9407	1.41284
8.94161	1.41319
8.94252	1.41355
8.94343	1.4139
8.94434	1.41425
8.94526	1.41461
8.94617	1.41496
8.94708	1.41531
8.94799	1.41567
8.9489	1.41602
8.94982	1.41637
8.95073	1.41673
8.95164	1.41708
8.95255	1.41743
8.95346	1.41778
8.95438	1.41814
8.95529	1.41849
8.9562	1.41884
8.95711	1.41919
8.95802	1.41954
8.95894	1.4199
8.95985	1.42025
8.96076	1.4206
8.96167	1.42095
8.96258	1.4213
8.9635	1.42165
8.96441	1.42201
8.96532	1.42236
8.96623	1.42271
8.96714	1.42306
8.96806	1.42341
8.96897	1.42376
8.96988	1.42411
8.97079	1.42446
8.9717	1.42482
8.97262	1.42517
8.98082	1.42422
8.98173	1.42457
8.98264	1.42492
8.98355	1.42527
8.98446	1.42562
8.98538	1.42597
8.98629	1.42632
8.9872	1.42667
8.98811	1.42702
8.98902	1.42737
8.98994	1.42772
8.99085	1.42807
8.99176	1.42842
8.99267	1.42876
8.99358	1.42911
8.9945	1.42946
8.99541	1.42981
8.99632	1.43016
8.99723	1.43051
8.99814	1.43086
8.99906	1.43121
8.99997	1.43156
9.00088	1.43191
9.00179	1.43226
9.0027	1.4326
9.00362	1.43295
9.00453	1.4333
9.00544	1.43365
9.00635	1.434
9.00726	1.43435
9.00818	1.43469
9.00909	1.43504
9.01	1.43539
9.01091	1.43574
9.01182	1.43609
9.01274	1.43643
9.01365	1.43678
9.01456	1.43713
9.01547	1.43748
9.01638	1.43782
9.0182	1.43801
9.01911	1.43836
9.02002	1.4387
9.02093	1.43905
9.02184	1.4394
9.02276	1.43974
9.02367	1.44009
9.02458	1.44044
9.02549	1.44079
9.0264	1.44113
9.02732	1.44148
9.02823	1.44182
9.02914	1.44217
9.03005	1.44252
9.03096	1.44286
9.03188	1.44321
9.03279	1.44356
9.0337	1.4439
9.03461	1.44425
9.03552	1.44459
9.03644	1.44494
9.03735	1.44528
9.03826	1.44563
9.03917	1.44598
9.04008	1.44632
9.041	1.44667
9.04191	1.44701
9.04282	1.44736
9.04373	1.4477
9.04464	1.44805
9.04556	1.44839
9.04647	1.44874
9.04738	1.44908
9.04829	1.44943
9.0492	1.44977
9.05012	1.45012
9.05103	1.45046
9.05194	1.4508
9.05285	1.45115
9.05376	1.45149
9.05468	1.45184
9.05559	1.45218
9.0565	1.45253
9.05741	1.45287
9.05832	1.45321
9.05924	1.45356
9.06015	1.4539
9.06106	1.45424
9.06197	1.45459
9.06288	1.45493
9.0638	1.45527
9.06471	1.45562
9.06562	1.45596
9.06653	1.4563
9.06744	1.45665
9.06836	1.45699
9.06927	1.45733
9.07018	1.45768
9.07109	1.45802
9.072	1.45836
9.07292	1.4587
9.07383	1.45905
9.07474	1.45939
9.07565	1.45973
9.07656	1.46007
9.07748	1.46042
9.07839	1.46076
9.0793	1.4611
9.08021	1.46144
9.08112	1.46178
9.08204	1.46213
9.13675	1.4528
9.13766	1.45314
9.13857	1.45348
9.13948	1.45382
9.14039	1.45416
9.14131	1.4545
9.14222	1.45484
9.14313	1.45518
9.14404	1.45552
9.14495	1.45586
9.14587	1.4562
9.14678	1.45654
9.14769	1.45688
9.1486	1.45722
9.14951	1.45756
9.15043	1.4579
9.15134	1.45824
9.15225	1.45858
9.15316	1.45892
9.15407	1.45926
9.23341	1.44569
9.23432	1.44603
9.23523	1.44637
9.23615	1.4467
9.23706	1.44704
9.23797	1.44738
9.23888	1.44771
9.23979	1.44805
9.24071	1.44839
9.24162	1.44873
9.24253	1.44906
9.24344	1.4494
9.24435	1.44974
9.24527	1.45007
9.24618	1.45041
9.24709	1.45074
9.248	1.45108
9.24891	1.45142
9.24983	1.45175
9.25074	1.45209
9.25165	1.45242
9.25256	1.45276
9.25347	1.4531
9.25439	1.45343
9.2553	1.45377
9.25621	1.4541
9.25712	1.45444
9.25803	1.45477
9.25895	1.45511
9.25986	1.45544
9.26077	1.45578
9.26168	1.45611
9.26259	1.45645
9.26351	1.45678
9.26442	1.45712
9.26533	1.45745
9.26624	1.45779
9.26715	1.45812
9.26807	1.45846
9.26898	1.45879
9.26989	1.45913
9.2708	1.45946
9.27171	1.4598
9.27263	1.46013
9.27354	1.46046
9.27445	1.4608
9.27536	1.46113
9.27627	1.46147
9.27719	1.4618
9.2781	1.46213
9.27901	1.46247
9.27992	1.4628
9.28083	1.46313
9.28175	1.46347
9.28266	1.4638
9.28357	1.46413
9.28448	1.46447
9.28539	1.4648
9.28631	1.46513
9.28722	1.46547
9.28813	1.4658
9.28904	1.46613
9.28995	1.46647
9.29087	1.4668
9.29178	1.46713
9.29269	1.46746
9.2936	1.4678
9.29451	1.46813
9.29543	1.46846
9.29634	1.46879
9.29725	1.46912
9.29816	1.46946
9.29907	1.46979
9.29999	1.47012
9.3009	1.47045
9.30181	1.47078
9.30272	1.47112
9.30363	1.47145
9.30455	1.47178
9.30546	1.47211
9.30637	1.47244
9.30728	1.47277
9.30819	1.47311
9.30911	1.47344
9.31002	1.47377
9.31093	1.4741
9.31184	1.47443
9.31275	1.47476
9.31367	1.47509
9.31458	1.47542
9.31549	1.47575
9.3164	1.47608
9.31731	1.47642
9.31823	1.47675
9.31914	1.47708
9.32005	1.47741
9.32096	1.47774
9.32187	1.47807
9.32279	1.4784
9.3237	1.47873
9.32461	1.47906
9.32552	1.47939
9.32643	1.47972
9.32735	1.48005
9.32826	1.48038
9.32917	1.48071
9.33008	1.48104
9.33099	1.48137
9.33191	1.4817
9.33282	1.48202
9.33373	1.48235
9.33464	1.48268
9.33555	1.48301
9.33647	1.48334
9.33738	1.48367
9.33829	1.484
9.3392	1.48433
9.34011	1.48466
9.34103	1.48499
9.34194	1.48531
9.34285	1.48564
9.34376	1.48597
9.34467	1.4863
9.34559	1.48663
9.3465	1.48696
9.34741	1.48728
9.34832	1.48761
9.34923	1.48794
9.35015	1.48827
9.35106	1.4886
9.35197	1.48892
9.35288	1.48925
9.35379	1.48958
9.35471	1.48991
9.35562	1.49024
9.35653	1.49056
9.35744	1.49089
9.35835	1.49122
9.35927	1.49155
9.36018	1.49187
9.36109	1.4922
9.362	1.49253
9.36291	1.49285
9.36383	1.49318
9.36474	1.49351
9.36565	1.49383
9.36656	1.49416
9.36747	1.49449
9.36839	1.49481
9.3693	1.49514
9.37021	1.49547
9.37112	1.49579
9.37203	1.49612
9.37295	1.49645
9.37386	1.49677
9.37477	1.4971
9.37568	1.49742
9.37659	1.49775
9.37751	1.49808
9.37842	1.4984
9.37933	1.49873
9.4158	1.49272
9.41671	1.49304
9.41762	1.49337
9.41854	1.49369
9.41945	1.49402
9.42036	1.49434
9.42127	1.49467
9.42218	1.49499
9.4231	1.49532
9.42401	1.49564
9.42492	1.49597
9.42583	1.49629
9.42674	1.49661
9.42766	1.49694
9.42857	1.49726
9.42948	1.49759
9.43039	1.49791
9.4313	1.49823
9.43222	1.49856
9.43313	1.49888
9.43404	1.4992
9.43495	1.49953
9.43586	1.49985
9.43678	1.50017
9.43769	1.5005
9.4386	1.50082
9.43951	1.50114
9.44042	1.50147
9.44134	1.50179
9.44225	1.50211
9.44316	1.50244
9.44407	1.50276
9.44498	1.50308
9.4459	1.5034
9.44681	1.50373
9.44772	1.50405
9.44863	1.50437
9.44954	1.50469
9.45046	1.50502
9.45137	1.50534
9.45228	1.50566
9.45319	1.50598
9.4541	1.50631
9.45502	1.50663
9.45593	1.50695
9.45684	1.50727
9.45775	1.50759
9.45866	1.50791
9.45958	1.50824
9.46049	1.50856
9.4614	1.50888
9.46231	1.5092
9.46322	1.50952
9.46414	1.50984
9.46505	1.51016
9.46596	1.51049
9.46687	1.51081
9.46778	1.51113
9.4687	1.51145
9.46961	1.51177
9.47052	1.51209
9.47143	1.51241
9.47234	1.51273
9.47326	1.51305
9.47417	1.51337
9.47508	1.51369
9.47599	1.51401
9.4769	1.51433
9.47782	1.51465
9.47873	1.51497
9.47964	1.51529
9.48055	1.51561
9.48146	1.51593
9.48238	1.51625
9.48329	1.51657
9.4842	1.51689
9.48511	1.51721
9.48602	1.51753
9.48694	1.51785
9.48785	1.51817
9.48876	1.51849
9.48967	1.51881
9.49058	1.51913
9.4915	1.51945
9.49241	1.51977
9.49332	1.52009
9.49423	1.52041
9.49514	1.52073
9.73563	1.47933
9.73655	1.47964
9.73746	1.47996
9.73837	1.48027
9.73928	1.48059
9.74019	1.4809
9.74111	1.48121
9.74202	1.48153
9.74293	1.48184
9.74384	1.48216
9.74475	1.48247
9.74567	1.48278
9.74658	1.4831
9.74749	1.48341
9.7484	1.48373
9.74931	1.48404
9.75023	1.48435
9.75114	1.48467
9.75205	1.48498
9.75296	1.48529
9.75387	1.48561
9.75479	1.48592
9.7557	1.48623
9.75661	1.48654
9.75752	1.48686
9.75843	1.48717
9.75935	1.48748
9.76026	1.4878
9.76117	1.48811
9.76208	1.48842
9.76299	1.48873
9.76391	1.48905
9.76482	1.48936
9.76573	1.48967
9.76664	1.48998
9.76755	1.49029
9.76847	1.49061
9.76938	1.49092
9.77029	1.49123
9.7712	1.49154
9.77211	1.49185
9.77303	1.49217
9.77394	1.49248
9.77485	1.49279
9.77576	1.4931
9.77667	1.49341
9.77759	1.49372
9.7785	1.49404
9.77941	1.49435
9.78032	1.49466
9.78123	1.49497
9.78215	1.49528
9.78306	1.49559
9.78397	1.4959
9.78488	1.49621
9.78579	1.49653
9.78671	1.49684
9.78762	1.49715
9.78853	1.49746
9.78944	1.49777
9.79035	1.49808
9.79127	1.49839
9.79218	1.4987
9.79309	1.49901
9.794	1.49932
9.79491	1.49963
9.79583	1.49994
9.79674	1.50025
9.79765	1.50056
9.79856	1.50087
9.79947	1.50118
9.80039	1.50149
9.8013	1.5018
9.80221	1.50211
9.80312	1.50242
9.80403	1.50273
9.80495	1.50304
9.80586	1.50335
9.80677	1.50366
9.80768	1.50397
9.80859	1.50428
9.80951	1.50459
9.81042	1.50489
9.81133	1.5052
9.81224	1.50551
9.81315	1.50582
9.81407	1.50613
9.81498	1.50644
9.81589	1.50675
9.8168	1.50706
9.81771	1.50737
9.81863	1.50767
9.81954	1.50798
9.82045	1.50829
9.82136	1.5086
9.82227	1.50891
9.82319	1.50922
9.8241	1.50952
9.82501	1.50983
9.82592	1.51014
9.82683	1.51045
9.82775	1.51076
9.82866	1.51106
9.82957	1.51137
9.83048	1.51168
9.83139	1.51199
9.83231	1.5123
9.83322	1.5126
9.83413	1.51291
9.83504	1.51322
9.83595	1.51353
9.83687	1.51383
9.83778	1.51414
9.83869	1.51445
9.8396	1.51475
9.84051	1.51506
9.84143	1.51537
9.84234	1.51568
9.84325	1.51598
9.84416	1.51629
9.84507	1.5166
9.84599	1.5169
9.8469	1.51721
9.84781	1.51752
9.84872	1.51782
9.84963	1.51813
9.85055	1.51843
9.85146	1.51874
9.85237	1.51905
9.85328	1.51935
9.85419	1.51966
9.85511	1.51997
9.85602	1.52027
9.85693	1.52058
9.85784	1.52088
9.85875	1.52119
9.85967	1.52149
9.86058	1.5218
9.86149	1.52211
9.8624	1.52241
9.86331	1.52272
9.86423	1.52302
9.86514	1.52333
9.86605	1.52363
9.86696	1.52394
9.86787	1.52424
9.87881	1.52283
9.87972	1.52313
9.88063	1.52344
9.88155	1.52374
9.88246	1.52405
9.88337	1.52435
9.88428	1.52466
9.88519	1.52496
9.88611	1.52526
9.88702	1.52557
9.90069	1.52369
9.9016	1.52399
9.90251	1.52429
9.90342	1.5246
9.90433	1.5249
9.90525	1.52521
9.90616	1.52551
9.90707	1.52581
9.90798	1.52612
9.90889	1.52642
9.90981	1.52672
9.91072	1.52703
9.91163	1.52733
9.91254	1.52763
9.91345	1.52794
9.91437	1.52824
9.91528	1.52854
9.91619	1.52885
9.9171	1.52915
9.91801	1.52945
9.91893	1.52976
9.91984	1.53006
9.92075	1.53036
9.92166	1.53066
9.92257	1.53097
9.92349	1.53127
9.9244	1.53157
9.92531	1.53187
9.92622	1.53218
9.92713	1.53248
9.92805	1.53278
9.92896	1.53308
9.92987	1.53339
9.93078	1.53369
9.93169	1.53399
9.93261	1.53429
9.93352	1.53459
9.93443	1.53489
9.93534	1.5352
9.93625	1.5355
9.93717	1.5358
9.93808	1.5361
9.93899	1.5364
9.9399	1.5367
9.94081	1.53701
9.94173	1.53731
9.94264	1.53761
9.94355	1.53791
9.94446	1.53821
9.96087	1.53585
9.96178	1.53615
9.96269	1.53645
9.9636	1.53675
9.96452	1.53705
9.96543	1.53735
9.96634	1.53765
9.96725	1.53796
9.96816	1.53826
9.96908	1.53856
9.96999	1.53886
9.9709	1.53916
9.97181	1.53946
9.97272	1.53976
9.97364	1.54006
9.97455	1.54036
9.97546	1.54066
9.97637	1.54096
9.97728	1.54126
9.9782	1.54156
9.97911	1.54185
9.98002	1.54215
9.98093	1.54245
9.98184	1.54275
9.98276	1.54305
9.98367	1.54335
9.98458	1.54365
9.98549	1.54395
9.9864	1.54425
9.98732	1.54455
9.98823	1.54485
9.98914	1.54515
9.99005	1.54545
9.99096	1.54574
9.99188	1.54604
9.99279	1.54634
9.9937	1.54664
9.99461	1.54694
9.99552	1.54724
9.99644	1.54754
9.99735	1.54783
9.99826	1.54813
9.99917	1.54843
10.0001	1.54873
10.001	1.54903
10.0019	1.54932
10.0028	1.54962
10.0037	1.54992
10.0046	1.55022
10.0056	1.55052
10.0065	1.55081
10.0074	1.55111
10.0083	1.55141
10.0092	1.55171
10.0101	1.552
10.011	1.5523
10.0119	1.5526
10.0493	1.54664
10.0502	1.54694
10.0511	1.54723
10.0521	1.54753
10.053	1.54783
10.0539	1.54812
10.0612	1.54733
10.0621	1.54763
10.063	1.54792
10.0639	1.54822
10.0648	1.54851
10.0657	1.54881
10.0666	1.54911
10.0676	1.5494
10.0685	1.5497
10.0694	1.54999
10.0703	1.55029
10.0712	1.55058
10.0721	1.55088
10.073	1.55118
10.0739	1.55147
10.0748	1.55177
10.0758	1.55206
10.0767	1.55236
10.0776	1.55265
10.0785	1.55295
10.0794	1.55324
10.0803	1.55354
10.0812	1.55383
10.0821	1.55413
10.0831	1.55442
10.084	1.55472
10.0849	1.55501
10.0858	1.55531
10.0867	1.5556
10.0876	1.5559
10.0885	1.55619
10.0894	1.55649
10.0904	1.55678
10.0913	1.55707
10.0922	1.55737
10.0931	1.55766
10.094	1.55796
10.0949	1.55825
10.0958	1.55855
10.0967	1.55884
10.1359	1.5526
10.1369	1.55289
10.1378	1.55319
10.1387	1.55348
10.1396	1.55377
10.1405	1.55406
10.1414	1.55436
10.1423	1.55465
10.1432	1.55494
10.1441	1.55524
10.1451	1.55553
10.146	1.55582
10.1469	1.55611
10.1478	1.55641
10.1487	1.5567
10.1496	1.55699
10.1505	1.55728
10.1514	1.55758
10.1524	1.55787
10.1533	1.55816
10.1542	1.55845
10.1551	1.55875
10.156	1.55904
10.1569	1.55933
10.1578	1.55962
10.1587	1.55991
10.1597	1.56021
10.1606	1.5605
10.1615	1.56079
10.1624	1.56108
10.1633	1.56137
10.1642	1.56166
10.1651	1.56196
10.166	1.56225
10.1669	1.56254
10.1679	1.56283
10.1688	1.56312
10.1697	1.56341
10.1706	1.5637
10.1715	1.56399
10.1724	1.56429
10.1733	1.56458
10.1742	1.56487
10.1752	1.56516
10.1761	1.56545
10.177	1.56574
10.1779	1.56603
10.1788	1.56632
10.1797	1.56661
10.1806	1.5669
10.1815	1.56719
10.1825	1.56748
10.1834	1.56777
10.1843	1.56806
10.1852	1.56835
10.1861	1.56864
10.187	1.56893
10.1879	1.56922
10.1888	1.56951
10.1897	1.5698
10.1907	1.57009
10.1916	1.57038
10.1925	1.57067
10.1934	1.57096
10.1943	1.57125
10.1952	1.57154
10.1961	1.57183
10.197	1.57212
10.198	1.57241
10.1989	1.5727
10.1998	1.57299
10.2007	1.57328
10.2016	1.57357
10.2025	1.57386
10.2034	1.57415
10.2043	1.57444
10.2053	1.57473
10.2062	1.57501
10.2071	1.5753
10.208	1.57559
10.2089	1.57588
10.2098	1.57617
10.2107	1.57646
10.2116	1.57675
10.2125	1.57703
10.2135	1.57732
10.2417	1.57294
10.2426	1.57323
10.2435	1.57352
10.2445	1.57381
10.2454	1.5741
10.2463	1.57438
10.2472	1.57467
10.2481	1.57496
10.249	1.57525
10.2709	1.57197
10.2718	1.57226
10.2727	1.57254
10.2736	1.57283
10.2745	1.57312
10.2755	1.5734
10.2764	1.57369
10.2773	1.57398
10.2782	1.57426
10.2791	1.57455
10.28	1.57484
10.2809	1.57512
10.2818	1.57541
10.2828	1.5757
10.2837	1.57598
10.2846	1.57627
10.2855	1.57656
10.2864	1.57684
10.2873	1.57713
10.2882	1.57742
10.2891	1.5777
10.29	1.57799
10.291	1.57827
10.2919	1.57856
10.2928	1.57885
10.2937	1.57913
10.2946	1.57942
10.2955	1.5797
10.2964	1.57999
10.2973	1.58027
10.2983	1.58056
10.2992	1.58084
10.3001	1.58113
10.301	1.58142
10.3019	1.5817
10.3028	1.58199
10.3037	1.58227
10.3046	1.58256
10.3056	1.58284
10.3065	1.58313
10.3074	1.58341
10.3083	1.5837
10.3092	1.58398
10.3101	1.58427
10.311	1.58455
10.3119	1.58484
10.3128	1.58512
10.3138	1.5854
10.3147	1.58569
10.3156	1.58597
10.3165	1.58626
10.3174	1.58654
10.3183	1.58683
10.3192	1.58711
10.322	1.58709
10.3229	1.58737
10.3238	1.58765
10.3247	1.58794
10.3256	1.58822
10.3265	1.58851
10.3274	1.58879
10.3283	1.58907
10.3293	1.58936
10.3302	1.58964
10.3311	1.58992
10.332	1.59021
10.3329	1.59049
10.3338	1.59078
10.3347	1.59106
10.3356	1.59134
10.3365	1.59163
10.3375	1.59191
10.3384	1.59219
10.3574	1.5894
10.3583	1.58968
10.3592	1.58997
10.3601	1.59025
10.361	1.59053
10.3619	1.59081
10.3628	1.5911
10.3637	1.59138
10.3647	1.59166
10.3656	1.59194
10.3665	1.59223
10.3674	1.59251
10.3683	1.59279
10.3692	1.59307
10.3701	1.59335
10.371	1.59364
10.3719	1.59392
10.3729	1.5942
10.3738	1.59448
10.3747	1.59476
10.3756	1.59505
10.3765	1.59533
10.3774	1.59561
10.3783	1.59589
10.3792	1.59617
10.3802	1.59645
10.3811	1.59673
10.382	1.59702
10.3829	1.5973
10.3838	1.59758
10.3847	1.59786
10.3856	1.59814
10.3865	1.59842
10.3875	1.5987
10.3884	1.59898
10.3893	1.59926
10.3902	1.59955
10.3911	1.59983
10.392	1.60011
10.3929	1.60039
10.3938	1.60067
10.3947	1.60095
10.3957	1.60123
10.3966	1.60151
10.3975	1.60179
10.3984	1.60207
10.3993	1.60235
10.4002	1.60263
10.4011	1.60291
10.402	1.60319
10.403	1.60347
10.4039	1.60375
10.4048	1.60403
10.4057	1.60431
10.4066	1.60459
10.4075	1.60487
10.4084	1.60515
10.4093	1.60543
10.4103	1.60571
10.4112	1.60599
10.4121	1.60627
10.413	1.60655
10.4139	1.60683
10.4148	1.60711
10.4157	1.60739
10.4166	1.60767
10.4175	1.60795
10.4185	1.60823
10.4194	1.6085
10.4203	1.60878
10.4212	1.60906
10.4221	1.60934
10.423	1.60962
10.4239	1.6099
10.4248	1.61018
10.4258	1.61046
10.4267	1.61074
10.4276	1.61101
10.4285	1.61129
10.4294	1.61157
10.4303	1.61185
10.4312	1.61213
10.4321	1.61241
10.4331	1.61269
10.434	1.61296
10.4349	1.61324
10.4358	1.61352
10.4367	1.6138
10.4376	1.61408
10.4385	1.61435
10.4394	1.61463
10.4403	1.61491
10.4413	1.61519
10.4422	1.61547
10.4431	1.61574
10.444	1.61602
10.4449	1.6163
10.4458	1.61658
10.4467	1.61685
10.4476	1.61713
10.4486	1.61741
10.4495	1.61769
10.4504	1.61796
10.4513	1.61824
10.4522	1.61852
10.4531	1.6188
10.454	1.61907
10.4549	1.61935
10.4559	1.61963
10.4568	1.6199
10.4577	1.62018
10.4586	1.62046
10.4595	1.62073
10.7018	1.58067
10.7027	1.58095
10.7036	1.58122
10.7046	1.5815
10.7055	1.58177
10.7064	1.58204
10.7073	1.58232
10.7082	1.58259
10.7091	1.58286
10.71	1.58314
10.7109	1.58341
10.7119	1.58368
10.7128	1.58395
10.7137	1.58423
10.7146	1.5845
10.7155	1.58477
10.7164	1.58505
10.7173	1.58532
10.7182	1.58559
10.7191	1.58586
10.7201	1.58614
10.721	1.58641
10.7219	1.58668
10.7228	1.58695
10.7237	1.58723
10.7246	1.5875
10.7255	1.58777
10.7264	1.58804
10.7274	1.58832
10.7283	1.58859
10.7292	1.58886
10.7301	1.58913
10.731	1.5894
10.7319	1.58968
10.7328	1.58995
10.7337	1.59022
10.7347	1.59049
10.7356	1.59076
10.7365	1.59103
10.7374	1.59131
10.7383	1.59158
10.7392	1.59185
10.7401	1.59212
10.741	1.59239
10.7419	1.59266
10.7429	1.59294
10.7438	1.59321
10.7447	1.59348
10.7456	1.59375
10.7465	1.59402
10.7474	1.59429
10.7483	1.59456
10.7492	1.59483
10.7502	1.5951
10.7511	1.59537
10.752	1.59565
10.7529	1.59592
10.7538	1.59619
10.7547	1.59646
10.7556	1.59673
10.7565	1.597
10.7575	1.59727
10.7584	1.59754
10.7593	1.59781
10.7602	1.59808
10.7611	1.59835
10.762	1.59862
10.7629	1.59889
10.7638	1.59916
10.7647	1.59943
10.7657	1.5997
10.7666	1.59997
10.7675	1.60024
10.7684	1.60051
10.7693	1.60078
10.7702	1.60105
10.7711	1.60132
10.772	1.60159
10.773	1.60186
10.7739	1.60213
10.7748	1.6024
10.7757	1.60267
10.7766	1.60294
10.7775	1.60321
10.7784	1.60348
10.7793	1.60375
10.7803	1.60402
10.7812	1.60429
10.7821	1.60455
10.783	1.60482
10.7839	1.60509
10.7848	1.60536
10.7857	1.60563
10.7866	1.6059
10.7875	1.60617
10.7885	1.60644
10.7894	1.60671
10.7903	1.60697
10.7912	1.60724
10.7921	1.60751
10.793	1.60778
10.7939	1.60805
10.7948	1.60832
10.7958	1.60859
10.7967	1.60885
10.7976	1.60912
10.7985	1.60939
10.7994	1.60966
10.8003	1.60993
10.8012	1.6102
10.8021	1.61046
10.8031	1.61073
10.804	1.611
10.8049	1.61127
10.8058	1.61153
10.8067	1.6118
10.8076	1.61207
10.8085	1.61234
10.8094	1.61261
10.8103	1.61287
10.8113	1.61314
10.8122	1.61341
10.8131	1.61368
10.814	1.61394
10.8149	1.61421
10.8158	1.61448
10.8167	1.61475
10.8176	1.61501
10.8186	1.61528
10.8195	1.61555
10.8204	1.61581
10.8213	1.61608
10.8222	1.61635
10.8231	1.61661
10.824	1.61688
10.8249	1.61715
10.8259	1.61741
10.8268	1.61768
10.8277	1.61795
10.8286	1.61821
10.8295	1.61848
10.8304	1.61875
10.8313	1.61901
10.8322	1.61928
10.8331	1.61955
10.8341	1.61981
10.835	1.62008
10.8359	1.62035
10.8368	1.62061
10.8377	1.62088
10.8386	1.62114
10.8395	1.62141
10.8404	1.62168
10.8414	1.62194
10.8423	1.62221
10.8432	1.62247
10.8441	1.62274
10.845	1.62301
10.8459	1.62327
10.8468	1.62354
10.8477	1.6238
10.8487	1.62407
10.8496	1.62433
10.8505	1.6246
10.8514	1.62486
10.8523	1.62513
10.8532	1.62539
10.8541	1.62566
10.855	1.62593
10.8559	1.62619
10.8569	1.62646
10.8578	1.62672
10.8587	1.62699
10.8596	1.62725
10.8605	1.62752
10.8614	1.62778
10.8623	1.62805
10.8632	1.62831
10.8642	1.62857
10.8651	1.62884
10.866	1.6291
10.8669	1.62937
10.8678	1.62963
10.8687	1.6299
10.8696	1.63016
10.8705	1.63043
10.8715	1.63069
10.8724	1.63095
10.8733	1.63122
10.8742	1.63148
10.8751	1.63175
10.876	1.63201
10.8769	1.63228
10.8778	1.63254
10.8787	1.6328
10.8797	1.63307
10.8806	1.63333
10.8815	1.63359
10.8824	1.63386
10.8833	1.63412
10.8842	1.63439
10.8851	1.63465
10.886	1.63491
10.887	1.63518
10.8879	1.63544
10.8888	1.6357
10.8897	1.63597
10.8906	1.63623
10.8915	1.63649
10.8924	1.63676
10.8933	1.63702
10.8943	1.63728
10.8952	1.63755
10.8961	1.63781
10.897	1.63807
10.8979	1.63833
10.8988	1.6386
10.8997	1.63886
10.9006	1.63912
10.9015	1.63938
10.9025	1.63965
10.9034	1.63991
10.9043	1.64017
10.9052	1.64044
10.9061	1.6407
10.907	1.64096
10.9079	1.64122
10.9088	1.64148
10.9098	1.64175
10.9107	1.64201
10.9116	1.64227
10.9125	1.64253
10.9134	1.6428
10.9143	1.64306
10.9152	1.64332
10.9161	1.64358
10.9171	1.64384
10.918	1.64411
10.9189	1.64437
10.9198	1.64463
10.9207	1.64489
10.9216	1.64515
10.9225	1.64541
10.9234	1.64568
10.9243	1.64594
10.9253	1.6462
10.9262	1.64646
10.9271	1.64672
10.928	1.64698
10.9289	1.64724
10.9298	1.6475
10.9307	1.64777
10.9316	1.64803
10.9326	1.64829
10.9335	1.64855
10.9344	1.64881
10.9353	1.64907
10.9362	1.64933
10.9371	1.64959
10.938	1.64985
10.9389	1.65011
10.9399	1.65037
10.9408	1.65064
10.9417	1.6509
10.9426	1.65116
10.9435	1.65142
10.9444	1.65168
10.9453	1.65194
10.9462	1.6522
10.9471	1.65246
10.9481	1.65272
10.949	1.65298
10.9499	1.65324
10.9508	1.6535
10.9517	1.65376
10.9526	1.65402
10.9535	1.65428
10.9544	1.65454
10.9554	1.6548
10.9563	1.65506
10.9572	1.65532
10.9581	1.65558
10.959	1.65584
10.9599	1.6561
10.9608	1.65636
10.9617	1.65662
10.9627	1.65688
10.9636	1.65714
10.9645	1.65739
10.9654	1.65765
10.9663	1.65791
10.9672	1.65817
10.9681	1.65843
10.969	1.65869
10.9699	1.65895
10.9709	1.65921
10.9718	1.65947
10.9727	1.65973
10.9736	1.65999
10.9745	1.66025
10.9754	1.6605
10.9763	1.66076
10.9772	1.66102
10.9782	1.66128
10.9791	1.66154
10.98	1.6618
10.9809	1.66206
10.9818	1.66231
10.9827	1.66257
10.9836	1.66283
10.9845	1.66309
10.9855	1.66335
10.9864	1.66361
10.9873	1.66386
10.9882	1.66412
10.9891	1.66438
10.99	1.66464
10.9909	1.6649
10.9918	1.66515
10.9927	1.66541
10.9937	1.66567
10.9946	1.66593
10.9955	1.66619
10.9964	1.66644
10.9973	1.6667
10.9982	1.66696
10.9991	1.66722
11	1.66747
11.001	1.66773
11.0019	1.66799
11.0028	1.66825
11.0037	1.6685
11.0046	1.66876
11.0055	1.66902
11.0064	1.66928
11.0073	1.66953
11.0083	1.66979
11.0092	1.67005
11.0101	1.6703
11.011	1.67056
11.0119	1.67082
11.0128	1.67108
11.0137	1.67133
11.0146	1.67159
11.0155	1.67185
11.0165	1.6721
11.0174	1.67236
11.0183	1.67262
11.0192	1.67287
11.0201	1.67313
11.021	1.67339
11.0219	1.67364
11.0228	1.6739
11.0238	1.67415
11.0247	1.67441
11.0256	1.67467
11.0265	1.67492
11.0274	1.67518
11.0283	1.67544
11.0292	1.67569
11.0301	1.67595
11.0311	1.6762
11.032	1.67646
11.0329	1.67671
11.0338	1.67697
11.0347	1.67723
11.0356	1.67748
11.0365	1.67774
11.0374	1.67799
11.0383	1.67825
11.0393	1.6785
11.0402	1.67876
11.0411	1.67902
11.042	1.67927
11.0429	1.67953
11.0438	1.67978
11.0447	1.68004
11.0456	1.68029
11.0466	1.68055
11.0475	1.6808
11.0484	1.68106
11.0493	1.68131
11.0502	1.68157
11.0511	1.68182
11.052	1.68208
11.0529	1.68233
11.0539	1.68259
11.0548	1.68284
11.0557	1.6831
11.0566	1.68335
11.0575	1.68361
11.0584	1.68386
11.0593	1.68411
11.0602	1.68437
11.0611	1.68462
11.0621	1.68488
11.063	1.68513
11.0639	1.68539
11.0648	1.68564
11.0657	1.6859
11.0666	1.68615
11.0675	1.6864
11.0684	1.68666
11.0694	1.68691
11.0703	1.68717
11.0712	1.68742
11.0721	1.68767
11.073	1.68793
11.0739	1.68818
11.0748	1.68843
11.0757	1.68869
11.0767	1.68894
11.0776	1.6892
11.0785	1.68945
11.0794	1.6897
11.0803	1.68996
11.0812	1.69021
11.0821	1.69046
11.083	1.69072
11.0839	1.69097
11.0849	1.69122
11.0858	1.69148
11.0867	1.69173
11.0876	1.69198
11.0885	1.69224
11.0894	1.69249
11.0903	1.69274
11.0912	1.69299
11.0922	1.69325
11.0931	1.6935
11.094	1.69375
11.0949	1.69401
11.0958	1.69426
11.0967	1.69451
11.0976	1.69476
11.0985	1.69502
11.0995	1.69527
11.1004	1.69552
11.1013	1.69577
11.1022	1.69603
11.1031	1.69628
11.104	1.69653
11.1049	1.69678
11.1058	1.69703
11.1067	1.69729
11.1077	1.69754
11.1086	1.69779
11.1095	1.69804
11.1104	1.69829
11.1113	1.69855
11.1122	1.6988
11.1131	1.69905
11.114	1.6993
11.115	1.69955
11.1159	1.69981
11.1168	1.70006
11.1177	1.70031
11.1186	1.70056
11.1195	1.70081
11.1204	1.70106
11.1213	1.70131
11.1223	1.70157
11.1232	1.70182
11.1241	1.70207
11.125	1.70232
11.1259	1.70257
11.1268	1.70282
11.1277	1.70307
11.1286	1.70332
11.1295	1.70358
11.1305	1.70383
11.1314	1.70408
11.1323	1.70433
11.1332	1.70458
11.1341	1.70483
11.135	1.70508
11.1359	1.70533
11.1368	1.70558
11.1378	1.70583
11.1387	1.70608
11.1396	1.70633
11.1405	1.70658
11.1414	1.70683
11.1423	1.70708
11.1432	1.70734
11.1441	1.70759
11.1451	1.70784
11.146	1.70809
11.1469	1.70834
11.1478	1.70859
11.1487	1.70884
11.1496	1.70909
11.1505	1.70934
11.1514	1.70959
11.1523	1.70984
11.1533	1.71009
11.1542	1.71034
11.1551	1.71059
11.156	1.71083
11.1569	1.71108
11.1578	1.71133
11.1587	1.71158
11.1596	1.71183
11.1606	1.71208
11.1615	1.71233
11.1624	1.71258
11.1633	1.71283
11.1642	1.71308
11.1651	1.71333
11.166	1.71358
11.1669	1.71383
11.1679	1.71408
11.1688	1.71433
11.1697	1.71458
11.1706	1.71482
11.1715	1.71507
11.1724	1.71532
11.1733	1.71557
11.1742	1.71582
11.1751	1.71607
11.1761	1.71632
11.177	1.71657
11.1779	1.71681
11.1788	1.71706
11.1797	1.71731
11.1806	1.71756
11.1815	1.71781
11.1824	1.71806
11.1834	1.71831
11.1843	1.71855
11.1852	1.7188
11.1861	1.71905
11.187	1.7193
11.1879	1.71955
11.1888	1.71979
11.1897	1.72004
11.1907	1.72029
11.1916	1.72054
11.1925	1.72079
11.1934	1.72103
11.1943	1.72128
11.1952	1.72153
11.1961	1.72178
11.197	1.72203
11.1979	1.72227
11.1989	1.72252
11.1998	1.72277
11.2007	1.72302
11.2016	1.72326
11.2025	1.72351
11.2034	1.72376
11.2043	1.72401
11.2052	1.72425
11.2062	1.7245
11.2071	1.72475
11.208	1.72499
11.2089	1.72524
11.2098	1.72549
11.2107	1.72574
11.2116	1.72598
11.2125	1.72623
11.2135	1.72648
11.2144	1.72672
11.2153	1.72697
11.2162	1.72722
11.2171	1.72746
11.218	1.72771
11.2189	1.72796
11.2198	1.7282
11.2207	1.72845
11.2217	1.7287
11.2226	1.72894
11.2235	1.72919
11.2244	1.72944
11.2253	1.72968
11.2262	1.72993
11.2271	1.73017
11.228	1.73042
11.229	1.73067
11.2299	1.73091
11.2308	1.73116
11.2317	1.7314
11.2326	1.73165
11.2335	1.7319
11.2344	1.73214
11.2353	1.73239
11.2363	1.73263
11.2372	1.73288
11.2381	1.73313
11.239	1.73337
11.2399	1.73362
11.2408	1.73386
11.2417	1.73411
11.2426	1.73435
11.2435	1.7346
11.2445	1.73484
11.2454	1.73509
11.2463	1.73534
11.2472	1.73558
11.2481	1.73583
11.249	1.73607
11.2499	1.73632
11.2508	1.73656
11.2518	1.73681
11.2527	1.73705
11.2536	1.7373
11.2545	1.73754
11.2554	1.73779
11.2563	1.73803
11.2572	1.73828
11.2581	1.73852
11.2591	1.73877
11.26	1.73901
11.2609	1.73925
11.2618	1.7395
11.2627	1.73974
11.2636	1.73999
11.2645	1.74023
11.2654	1.74048
11.2663	1.74072
11.2673	1.74097
11.2682	1.74121
11.2691	1.74145
11.27	1.7417
11.2709	1.74194
11.2718	1.74219
11.2727	1.74243
11.2736	1.74267
11.2746	1.74292
11.2755	1.74316
11.2764	1.74341
11.2773	1.74365
11.2782	1.74389
11.2791	1.74414
11.28	1.74438
11.2809	1.74463
11.2819	1.74487
11.2828	1.74511
11.2837	1.74536
11.2846	1.7456
11.2855	1.74584
11.2864	1.74609
11.2873	1.74633
11.2882	1.74657
11.2891	1.74682
11.2901	1.74706
11.291	1.7473
11.2919	1.74755
11.2928	1.74779
11.2937	1.74803
11.2946	1.74827
11.2955	1.74852
11.2964	1.74876
11.2974	1.749
11.2983	1.74925
11.2992	1.74949
11.3001	1.74973
11.301	1.74997
11.3019	1.75022
11.3028	1.75046
11.3037	1.7507
11.3047	1.75095
11.3056	1.75119
11.3065	1.75143
11.3074	1.75167
11.3083	1.75191
11.3092	1.75216
11.3101	1.7524
11.311	1.75264
11.3119	1.75288
11.3129	1.75313
11.3138	1.75337
11.3147	1.75361
11.3156	1.75385
11.3165	1.75409
11.3174	1.75434
11.3183	1.75458
11.3192	1.75482
11.3202	1.75506
11.3211	1.7553
11.322	1.75555
11.3229	1.75579
11.3238	1.75603
11.3247	1.75627
11.3256	1.75651
11.3265	1.75675
11.3275	1.75699
11.3284	1.75724
11.3293	1.75748
11.3302	1.75772
11.3311	1.75796
11.332	1.7582
11.3329	1.75844
11.3338	1.75868
11.3347	1.75893
11.3357	1.75917
11.3366	1.75941
11.3375	1.75965
11.3384	1.75989
11.3393	1.76013
11.3402	1.76037
11.3411	1.76061
11.342	1.76085
11.343	1.76109
11.3439	1.76133
11.3448	1.76157
11.3457	1.76182
11.3466	1.76206
11.3475	1.7623
11.3484	1.76254
11.3493	1.76278
11.3503	1.76302
11.3512	1.76326
11.3521	1.7635
11.353	1.76374
11.3539	1.76398
11.3548	1.76422
11.3557	1.76446
11.3566	1.7647
11.3575	1.76494
11.3585	1.76518
11.3594	1.76542
11.3603	1.76566
11.3612	1.7659
11.3621	1.76614
11.363	1.76638
11.3639	1.76662
11.3648	1.76686
11.3658	1.7671
11.3667	1.76734
11.3676	1.76758
11.3685	1.76782
11.3694	1.76806
11.7021	1.71348
11.703	1.71372
11.7039	1.71396
11.7048	1.71419
11.7057	1.71443
11.7066	1.71467
11.7075	1.7149
11.7084	1.71514
11.7094	1.71538
11.7103	1.71561
11.7112	1.71585
11.7121	1.71608
11.713	1.71632
11.7139	1.71656
11.7148	1.71679
11.7157	1.71703
11.7166	1.71727
11.7176	1.7175
11.7185	1.71774
11.7194	1.71797
11.7203	1.71821
11.7212	1.71845
11.7221	1.71868
11.723	1.71892
11.7239	1.71915
11.7249	1.71939
11.7258	1.71962
11.7267	1.71986
11.7276	1.7201
11.7285	1.72033
11.7294	1.72057
11.7303	1.7208
11.7312	1.72104
11.7322	1.72127
11.7331	1.72151
11.734	1.72174
11.7349	1.72198
11.7358	1.72221
11.7367	1.72245
11.7376	1.72268
11.7385	1.72292
11.7394	1.72315
11.7404	1.72339
11.7413	1.72362
11.7422	1.72386
11.7431	1.72409
11.744	1.72433
11.7449	1.72456
11.7458	1.7248
11.7467	1.72503
11.7477	1.72527
11.7486	1.7255
11.7495	1.72574
11.7504	1.72597
11.7513	1.72621
11.7522	1.72644
11.7531	1.72668
11.754	1.72691
11.755	1.72714
11.7559	1.72738
11.7568	1.72761
11.7577	1.72785
11.7586	1.72808
11.7595	1.72832
11.7604	1.72855
11.7613	1.72878
11.7622	1.72902
11.7632	1.72925
11.7641	1.72949
11.765	1.72972
11.7659	1.72995
11.7668	1.73019
11.7677	1.73042
11.7686	1.73066
11.7695	1.73089
11.7705	1.73112
11.7714	1.73136
11.7723	1.73159
11.7732	1.73182
11.7741	1.73206
11.775	1.73229
11.7759	1.73253
11.7768	1.73276
11.7778	1.73299
11.7787	1.73323
11.7796	1.73346
11.7805	1.73369
11.7814	1.73393
11.7823	1.73416
11.7832	1.73439
11.7841	1.73463
11.785	1.73486
11.786	1.73509
11.7869	1.73532
11.7878	1.73556
11.7887	1.73579
11.7896	1.73602
11.7905	1.73626
11.7914	1.73649
11.7923	1.73672
11.7933	1.73695
11.7942	1.73719
11.7951	1.73742
11.796	1.73765
11.7969	1.73788
11.7978	1.73812
11.7987	1.73835
11.7996	1.73858
11.8006	1.73881
11.8015	1.73905
11.8024	1.73928
11.8033	1.73951
11.8042	1.73974
11.8051	1.73998
11.806	1.74021
11.8069	1.74044
11.8078	1.74067
11.8088	1.7409
11.8097	1.74114
11.8106	1.74137
11.8115	1.7416
11.8124	1.74183
11.8133	1.74206
11.8142	1.7423
11.8151	1.74253
11.8161	1.74276
11.817	1.74299
11.8179	1.74322
11.8188	1.74346
11.8197	1.74369
11.8206	1.74392
11.8215	1.74415
11.8224	1.74438
11.8234	1.74461
11.8243	1.74484
11.8252	1.74508
11.8261	1.74531
11.827	1.74554
11.8279	1.74577
11.8288	1.746
11.8297	1.74623
11.8306	1.74646
11.8316	1.74669
11.8325	1.74693
11.8334	1.74716
11.8343	1.74739
11.8352	1.74762
11.8361	1.74785
11.837	1.74808
11.8379	1.74831
11.8389	1.74854
11.8398	1.74877
11.8407	1.749
11.8416	1.74923
11.8425	1.74946
11.8434	1.7497
11.8443	1.74993
11.8452	1.75016
11.8462	1.75039
11.8471	1.75062
11.848	1.75085
11.8489	1.75108
11.8498	1.75131
11.8507	1.75154
11.8516	1.75177
11.8525	1.752
11.8534	1.75223
11.8544	1.75246
11.8553	1.75269
11.8562	1.75292
11.8571	1.75315
11.858	1.75338
11.8589	1.75361
11.8598	1.75384
11.8607	1.75407
11.8617	1.7543
11.8626	1.75453
11.8635	1.75476
11.8644	1.75499
11.8653	1.75522
11.8662	1.75545
11.8671	1.75568
11.868	1.75591
11.869	1.75614
11.8699	1.75637
11.8708	1.7566
11.8717	1.75682
11.8726	1.75705
11.8735	1.75728
11.8744	1.75751
11.8753	1.75774
11.8762	1.75797
11.8772	1.7582
11.8781	1.75843
11.879	1.75866
11.8799	1.75889
11.8808	1.75912
11.8817	1.75935
11.8826	1.75957
11.8835	1.7598
11.8845	1.76003
11.8854	1.76026
11.8863	1.76049
11.8872	1.76072
11.8881	1.76095
11.889	1.76118
11.8899	1.7614
11.8908	1.76163
11.8918	1.76186
11.8927	1.76209
11.8936	1.76232
11.8945	1.76255
11.8954	1.76278
11.8963	1.763
11.8972	1.76323
11.8981	1.76346
11.899	1.76369
11.9	1.76392
11.9009	1.76415
11.9018	1.76437
11.9027	1.7646
11.9036	1.76483
11.9045	1.76506
11.9054	1.76529
11.9063	1.76551
11.9073	1.76574
11.9082	1.76597
11.9091	1.7662
11.91	1.76642
11.9109	1.76665
11.9118	1.76688
11.9127	1.76711
11.9136	1.76734
11.9146	1.76756
11.9155	1.76779
11.9164	1.76802
11.9173	1.76825
11.9182	1.76847
11.9191	1.7687
11.92	1.76893
11.9209	1.76916
11.9218	1.76938
11.9228	1.76961
11.9237	1.76984
11.9246	1.77006
11.9255	1.77029
11.9264	1.77052
11.9273	1.77075
11.9282	1.77097
11.9291	1.7712
11.9301	1.77143
11.931	1.77165
11.9319	1.77188
11.9328	1.77211
11.9337	1.77233
11.9346	1.77256
11.9355	1.77279
11.9364	1.77301
11.9374	1.77324
11.9383	1.77347
11.9392	1.77369
11.9401	1.77392
11.941	1.77415
11.9419	1.77437
11.9428	1.7746
11.9437	1.77483
11.9446	1.77505
11.9456	1.77528
11.9465	1.77551
11.9474	1.77573
11.9483	1.77596
11.9492	1.77618
11.9501	1.77641
11.951	1.77664
11.9519	1.77686
11.9529	1.77709
11.9538	1.77731
11.9547	1.77754
11.9556	1.77777
11.9565	1.77799
11.9574	1.77822
11.9583	1.77844
11.9592	1.77867
11.9602	1.7789
11.9611	1.77912
11.962	1.77935
11.9629	1.77957
11.9638	1.7798
11.9647	1.78002
11.9656	1.78025
11.9665	1.78047
11.9674	1.7807
11.9684	1.78092
11.9693	1.78115
11.9702	1.78138
11.9711	1.7816
11.972	1.78183
11.9729	1.78205
11.9738	1.78228
11.9747	1.7825
11.9757	1.78273
11.9766	1.78295
11.9775	1.78318
11.9784	1.7834
11.9793	1.78363
11.9802	1.78385
11.9811	1.78408
11.982	1.7843
11.983	1.78453
11.9839	1.78475
11.9848	1.78498
11.9857	1.7852
11.9866	1.78542
11.9875	1.78565
11.9884	1.78587
11.9893	1.7861
11.9902	1.78632
11.9912	1.78655
11.9921	1.78677
11.993	1.787
11.9939	1.78722
11.9948	1.78744
11.9957	1.78767
11.9966	1.78789
11.9975	1.78812
11.9985	1.78834
11.9994	1.78857
12.0003	1.78879
12.0012	1.78901
12.0021	1.78924
12.003	1.78946
12.0039	1.78969
12.0048	1.78991
12.0058	1.79013
12.0067	1.79036
12.0076	1.79058
12.0085	1.7908
12.0094	1.79103
12.0103	1.79125
12.0112	1.79148
12.0121	1.7917
12.013	1.79192
12.014	1.79215
12.0149	1.79237
12.0158	1.79259
12.0167	1.79282
12.0176	1.79304
12.0185	1.79326
12.0194	1.79349
12.0203	1.79371
12.0213	1.79393
12.0222	1.79416
12.0231	1.79438
12.024	1.7946
12.0249	1.79483
12.0258	1.79505
12.0267	1.79527
12.0276	1.79549
12.0286	1.79572
12.0295	1.79594
12.0304	1.79616
12.0313	1.79639
12.0322	1.79661
12.0331	1.79683
12.034	1.79705
12.0349	1.79728
12.0358	1.7975
12.0368	1.79772
12.0377	1.79794
12.0386	1.79817
12.0395	1.79839
12.0404	1.79861
12.0413	1.79883
12.0422	1.79906
12.0431	1.79928
12.0441	1.7995
12.045	1.79972
12.0459	1.79995
12.0468	1.80017
12.0477	1.80039
12.0486	1.80061
12.0495	1.80083
12.0504	1.80106
12.0514	1.80128
12.0523	1.8015
12.0532	1.80172
12.0541	1.80194
12.055	1.80217
12.0559	1.80239
12.0568	1.80261
12.0577	1.80283
12.0586	1.80305
12.0596	1.80327
12.0605	1.8035
12.0614	1.80372
12.0623	1.80394
12.0632	1.80416
12.0641	1.80438
12.065	1.8046
12.0659	1.80483
12.0669	1.80505
12.0678	1.80527
12.0687	1.80549
12.0696	1.80571
12.0705	1.80593
12.0714	1.80615
12.0723	1.80637
12.0732	1.8066
12.0742	1.80682
12.0751	1.80704
12.076	1.80726
12.0769	1.80748
12.0778	1.8077
12.0787	1.80792
12.0796	1.80814
12.0805	1.80836
12.0814	1.80858
12.0824	1.8088
12.0833	1.80903
12.0842	1.80925
12.0851	1.80947
12.086	1.80969
12.0869	1.80991
12.0878	1.81013
12.0887	1.81035
12.0897	1.81057
12.0906	1.81079
12.0915	1.81101
12.0924	1.81123
12.0933	1.81145
12.0942	1.81167
12.0951	1.81189
12.096	1.81211
12.097	1.81233
12.0979	1.81255
12.0988	1.81277
12.0997	1.81299
12.1006	1.81321
12.1015	1.81343
12.1024	1.81365
12.1033	1.81387
12.1042	1.81409
12.1052	1.81431
12.1061	1.81453
12.107	1.81475
12.1079	1.81497
12.1088	1.81519
12.1097	1.81541
12.1106	1.81563
12.1115	1.81585
12.1125	1.81607
12.1134	1.81629
12.1143	1.81651
12.1152	1.81673
12.1161	1.81695
12.117	1.81717
12.1179	1.81739
12.1188	1.81761
12.1198	1.81782
12.1207	1.81804
12.1216	1.81826
12.1225	1.81848
12.1234	1.8187
12.1243	1.81892
12.1252	1.81914
12.1261	1.81936
12.127	1.81958
12.128	1.8198
12.1289	1.82002
12.1298	1.82023
12.1307	1.82045
12.1316	1.82067
12.1325	1.82089
12.1334	1.82111
12.1343	1.82133
12.1353	1.82155
12.1362	1.82177
12.1371	1.82198
12.138	1.8222
12.1389	1.82242
12.1398	1.82264
12.1407	1.82286
12.1416	1.82308
12.1426	1.8233
12.1435	1.82351
12.1444	1.82373
12.1453	1.82395
12.1462	1.82417
12.1471	1.82439
12.148	1.8246
12.1489	1.82482
12.1498	1.82504
12.1508	1.82526
12.1517	1.82548
12.1526	1.8257
12.1535	1.82591
12.1544	1.82613
12.1553	1.82635
12.1562	1.82657
12.1571	1.82678
12.1581	1.827
12.159	1.82722
12.1599	1.82744
12.1608	1.82766
12.1617	1.82787
12.1626	1.82809
12.1635	1.82831
12.1644	1.82853
12.1654	1.82874
12.1663	1.82896
12.1672	1.82918
12.1681	1.8294
12.169	1.82961
12.1699	1.82983
12.1708	1.83005
12.1717	1.83026
12.1726	1.83048
12.1736	1.8307
12.1745	1.83092
12.1754	1.83113
12.1763	1.83135
12.1772	1.83157
12.1781	1.83178
12.179	1.832
12.1799	1.83222
12.1809	1.83244
12.1818	1.83265
12.1827	1.83287
12.1836	1.83309
12.1845	1.8333
12.1854	1.83352
12.1863	1.83374
12.1872	1.83395
12.1882	1.83417
12.1891	1.83439
12.19	1.8346
12.1909	1.83482
12.1918	1.83504
12.1927	1.83525
12.1936	1.83547
12.1945	1.83568
12.1954	1.8359
12.1964	1.83612
12.1973	1.83633
12.1982	1.83655
12.1991	1.83677
12.2	1.83698
12.2009	1.8372
12.2018	1.83741
12.2027	1.83763
12.2037	1.83785
12.2046	1.83806
12.2055	1.83828
12.2064	1.83849
12.2073	1.83871
12.2082	1.83893
12.2091	1.83914
12.21	1.83936
12.211	1.83957
12.2119	1.83979
12.2128	1.84
12.2137	1.84022
12.2146	1.84044
12.2155	1.84065
12.2164	1.84087
12.2173	1.84108
12.2182	1.8413
12.2192	1.84151
12.2201	1.84173
12.221	1.84194
12.2219	1.84216
12.2228	1.84237
12.2237	1.84259
12.2246	1.8428
12.2255	1.84302
12.2265	1.84323
12.2274	1.84345
12.2283	1.84366
12.2292	1.84388
12.2301	1.84409
12.231	1.84431
12.2319	1.84452
12.2328	1.84474
12.2338	1.84495
12.2347	1.84517
12.2356	1.84538
12.2365	1.8456
12.2374	1.84581
12.2383	1.84603
12.2392	1.84624
12.2401	1.84646
12.241	1.84667
12.242	1.84689
12.2429	1.8471
12.2438	1.84732
12.2447	1.84753
12.2456	1.84774
12.2465	1.84796
12.2474	1.84817
12.2483	1.84839
12.2493	1.8486
12.2502	1.84882
12.2511	1.84903
12.252	1.84924
12.2529	1.84946
12.2538	1.84967
12.2547	1.84989
12.2556	1.8501
12.2566	1.85031
12.2575	1.85053
12.2584	1.85074
12.2593	1.85096
12.2602	1.85117
12.2611	1.85138
12.262	1.8516
12.2629	1.85181
12.2638	1.85203
12.2648	1.85224
12.2657	1.85245
12.2666	1.85267
12.2675	1.85288
12.2684	1.85309
12.2693	1.85331
12.2702	1.85352
12.2711	1.85373
12.2721	1.85395
12.273	1.85416
12.2739	1.85437
12.2748	1.85459
12.2757	1.8548
12.2766	1.85501
12.2775	1.85523
12.2784	1.85544
12.2794	1.85565
12.2803	1.85587
12.2812	1.85608
12.2821	1.85629
12.283	1.8565
12.2839	1.85672
12.2848	1.85693
12.2857	1.85714
12.2866	1.85736
12.2876	1.85757
12.2885	1.85778
12.2894	1.85799
12.2903	1.85821
12.2912	1.85842
12.2921	1.85863
12.293	1.85885
12.2939	1.85906
12.2949	1.85927
12.2958	1.85948
12.2967	1.8597
12.2976	1.85991
12.2985	1.86012
12.2994	1.86033
12.3003	1.86055
12.3012	1.86076
12.3022	1.86097
12.3031	1.86118
12.304	1.86139
12.3049	1.86161
12.3058	1.86182
12.3067	1.86203
12.3076	1.86224
12.3085	1.86245
12.3094	1.86267
12.3104	1.86288
12.3113	1.86309
12.3122	1.8633
12.3131	1.86351
12.314	1.86373
12.3149	1.86394
12.3158	1.86415
12.3167	1.86436
12.3177	1.86457
12.3186	1.86478
12.3195	1.865
12.3204	1.86521
12.3213	1.86542
12.3222	1.86563
12.3231	1.86584
12.324	1.86605
12.325	1.86626
12.3259	1.86648
12.3268	1.86669
12.3277	1.8669
12.3286	1.86711
12.3295	1.86732
12.3304	1.86753
12.3313	1.86774
12.3322	1.86796
12.3332	1.86817
12.3341	1.86838
12.335	1.86859
12.3359	1.8688
12.3368	1.86901
12.3377	1.86922
12.3386	1.86943
12.3395	1.86964
12.3405	1.86985
12.3414	1.87006
12.3423	1.87028
12.3432	1.87049
12.3441	1.8707
12.345	1.87091
12.3459	1.87112
12.3468	1.87133
12.3478	1.87154
12.3487	1.87175
12.3496	1.87196
12.3505	1.87217
12.3514	1.87238
12.3523	1.87259
12.3532	1.8728
12.3541	1.87301
12.355	1.87322
12.356	1.87343
12.3569	1.87364
12.3578	1.87385
12.3587	1.87406
12.3596	1.87427
12.3605	1.87448
12.3614	1.87469
12.3623	1.8749
12.3633	1.87511
12.3642	1.87532
12.3651	1.87553
12.366	1.87574
12.3669	1.87595
12.3678	1.87616
12.3687	1.87637
12.7019	1.8233
12.7028	1.82351
12.7037	1.82372
12.7046	1.82393
12.7055	1.82413
12.7064	1.82434
12.7074	1.82455
12.7083	1.82476
12.7092	1.82496
12.7101	1.82517
12.711	1.82538
12.7119	1.82559
12.7128	1.82579
12.7137	1.826
12.7147	1.82621
12.7156	1.82642
12.7165	1.82662
12.7174	1.82683
12.7183	1.82704
12.7192	1.82725
12.7201	1.82745
12.721	1.82766
12.7219	1.82787
12.7229	1.82808
12.7238	1.82828
12.7247	1.82849
12.7256	1.8287
12.7265	1.8289
12.7274	1.82911
12.7283	1.82932
12.7292	1.82953
12.7302	1.82973
12.7311	1.82994
12.732	1.83015
12.7329	1.83035
12.7338	1.83056
12.7347	1.83077
12.7356	1.83097
12.7365	1.83118
12.7375	1.83139
12.7384	1.83159
12.7393	1.8318
12.7402	1.83201
12.7411	1.83221
12.742	1.83242
12.7429	1.83263
12.7438	1.83283
12.7447	1.83304
12.7457	1.83325
12.7466	1.83345
12.7475	1.83366
12.7484	1.83386
12.7493	1.83407
12.7502	1.83428
12.7511	1.83448
12.752	1.83469
12.753	1.8349
12.7539	1.8351
12.7548	1.83531
12.7557	1.83551
12.7566	1.83572
12.7575	1.83593
12.7584	1.83613
12.7593	1.83634
12.7603	1.83654
12.7612	1.83675
12.7621	1.83695
12.763	1.83716
12.7639	1.83737
12.7648	1.83757
12.7657	1.83778
12.7666	1.83798
12.7675	1.83819
12.7685	1.83839
12.7694	1.8386
12.7703	1.83881
12.7712	1.83901
12.7721	1.83922
12.773	1.83942
12.7739	1.83963
12.7748	1.83983
12.7758	1.84004
12.7767	1.84024
12.7776	1.84045
12.7785	1.84065
12.7794	1.84086
12.7803	1.84106
12.7812	1.84127
12.7821	1.84147
12.7831	1.84168
12.784	1.84189
12.7849	1.84209
12.7858	1.8423
12.7867	1.8425
12.7876	1.8427
12.7885	1.84291
12.7894	1.84311
12.7903	1.84332
12.7913	1.84352
12.7922	1.84373
12.7931	1.84393
12.794	1.84414
12.7949	1.84434
12.7958	1.84455
12.7967	1.84475
12.7976	1.84496
12.7986	1.84516
12.7995	1.84537
12.8004	1.84557
12.8013	1.84578
12.8022	1.84598
12.8031	1.84618
12.804	1.84639
12.8049	1.84659
12.8059	1.8468
12.8068	1.847
12.8077	1.84721
12.8086	1.84741
12.8095	1.84761
12.8104	1.84782
12.8113	1.84802
12.8122	1.84823
12.8131	1.84843
12.8141	1.84863
12.815	1.84884
12.8159	1.84904
12.8168	1.84925
12.8177	1.84945
12.8186	1.84965
12.8195	1.84986
12.8204	1.85006
12.8214	1.85027
12.8223	1.85047
12.8232	1.85067
12.8241	1.85088
12.825	1.85108
12.8259	1.85128
12.8268	1.85149
12.8277	1.85169
12.8287	1.85189
12.8296	1.8521
12.8305	1.8523
12.8314	1.8525
12.8323	1.85271
12.8332	1.85291
12.8341	1.85311
12.835	1.85332
12.8359	1.85352
12.8369	1.85372
12.8378	1.85393
12.8387	1.85413
12.8396	1.85433
12.8405	1.85454
12.8414	1.85474
12.8423	1.85494
12.8432	1.85515
12.8442	1.85535
12.8451	1.85555
12.846	1.85575
12.8469	1.85596
12.8478	1.85616
12.8487	1.85636
12.8496	1.85657
12.8505	1.85677
12.8515	1.85697
12.8524	1.85717
12.8533	1.85738
12.8542	1.85758
12.8551	1.85778
12.856	1.85798
12.8569	1.85819
12.8578	1.85839
12.8587	1.85859
12.8597	1.85879
12.8606	1.859
12.8615	1.8592
12.8624	1.8594
12.8633	1.8596
12.8642	1.85981
12.8651	1.86001
12.866	1.86021
12.867	1.86041
12.8679	1.86062
12.8688	1.86082
12.8697	1.86102
12.8706	1.86122
12.8715	1.86142
12.8724	1.86163
12.8733	1.86183
12.8743	1.86203
12.8752	1.86223
12.8761	1.86243
12.877	1.86264
12.8779	1.86284
12.8788	1.86304
12.8797	1.86324
12.8806	1.86344
12.8815	1.86364
12.8825	1.86385
12.8834	1.86405
12.8843	1.86425
12.8852	1.86445
12.8861	1.86465
12.887	1.86485
12.8879	1.86506
12.8888	1.86526
12.8898	1.86546
12.8907	1.86566
12.8916	1.86586
12.8925	1.86606
12.8934	1.86626
12.8943	1.86646
12.8952	1.86667
12.8961	1.86687
12.8971	1.86707
12.898	1.86727
12.8989	1.86747
12.8998	1.86767
12.9007	1.86787
12.9016	1.86807
12.9025	1.86827
12.9034	1.86848
12.9043	1.86868
12.9053	1.86888
12.9062	1.86908
12.9071	1.86928
12.908	1.86948
12.9089	1.86968
12.9098	1.86988
12.9107	1.87008
12.9116	1.87028
12.9126	1.87048
12.9135	1.87068
12.9144	1.87089
12.9153	1.87109
12.9162	1.87129
12.9171	1.87149
12.918	1.87169
12.9189	1.87189
12.9199	1.87209
12.9208	1.87229
12.9217	1.87249
12.9226	1.87269
12.9235	1.87289
12.9244	1.87309
12.9253	1.87329
12.9262	1.87349
12.9271	1.87369
12.9281	1.87389
12.929	1.87409
12.9299	1.87429
12.9308	1.87449
12.9317	1.87469
12.9326	1.87489
12.9335	1.87509
12.9344	1.87529
12.9354	1.87549
12.9363	1.87569
12.9372	1.87589
12.9381	1.87609
12.939	1.87629
12.9399	1.87649
12.9408	1.87669
12.9417	1.87689
12.9427	1.87709
12.9436	1.87729
12.9445	1.87749
12.9454	1.87769
12.9463	1.87789
12.9472	1.87809
12.9481	1.87829
12.949	1.87848
12.9499	1.87868
12.9509	1.87888
12.9518	1.87908
12.9527	1.87928
12.9536	1.87948
12.9545	1.87968
12.9554	1.87988
12.9563	1.88008
12.9572	1.88028
12.9582	1.88048
12.9591	1.88068
12.96	1.88088
12.9609	1.88107
12.9618	1.88127
12.9627	1.88147
12.9636	1.88167
12.9645	1.88187
12.9655	1.88207
12.9664	1.88227
12.9673	1.88247
12.9682	1.88267
12.9691	1.88286
12.97	1.88306
12.9709	1.88326
12.9718	1.88346
12.9727	1.88366
12.9737	1.88386
12.9746	1.88406
12.9755	1.88426
12.9764	1.88445
12.9773	1.88465
12.9782	1.88485
12.9791	1.88505
12.98	1.88525
12.981	1.88545
12.9819	1.88564
12.9828	1.88584
12.9837	1.88604
12.9846	1.88624
12.9855	1.88644
12.9864	1.88664
12.9873	1.88683
12.9883	1.88703
12.9892	1.88723
12.9901	1.88743
12.991	1.88763
12.9919	1.88782
12.9928	1.88802
12.9937	1.88822
12.9946	1.88842
12.9955	1.88862
12.9965	1.88881
12.9974	1.88901
12.9983	1.88921
12.9992	1.88941
13.0001	1.8896
13.001	1.8898
13.0019	1.89
13.0028	1.8902
13.0038	1.8904
13.0047	1.89059
13.0056	1.89079
13.0065	1.89099
13.0074	1.89119
13.0083	1.89138
13.0092	1.89158
13.0101	1.89178
13.0111	1.89198
13.012	1.89217
13.0129	1.89237
13.0138	1.89257
13.0147	1.89276
13.0156	1.89296
13.0165	1.89316
13.0174	1.89336
13.0183	1.89355
13.0193	1.89375
13.0202	1.89395
13.0211	1.89414
13.022	1.89434
13.0229	1.89454
13.0238	1.89474
13.0247	1.89493
13.0256	1.89513
13.0266	1.89533
13.0275	1.89552
13.0284	1.89572
13.0293	1.89592
13.0302	1.89611
13.0311	1.89631
13.032	1.89651
13.0329	1.8967
13.0339	1.8969
13.0348	1.8971
13.0357	1.89729
13.0366	1.89749
13.0375	1.89769
13.0384	1.89788
13.0393	1.89808
13.0402	1.89828
13.0411	1.89847
13.0421	1.89867
13.043	1.89886
13.0439	1.89906
13.0448	1.89926
13.0457	1.89945
13.0466	1.89965
13.0475	1.89985
13.0484	1.90004
13.0494	1.90024
13.0503	1.90043
13.0512	1.90063
13.0521	1.90083
13.053	1.90102
13.0539	1.90122
13.0548	1.90141
13.0557	1.90161
13.0567	1.90181
13.0576	1.902
13.0585	1.9022
13.0594	1.90239
13.0603	1.90259
13.0612	1.90278
13.0621	1.90298
13.063	1.90318
13.0639	1.90337
13.0649	1.90357
13.0658	1.90376
13.0667	1.90396
13.0676	1.90415
13.0685	1.90435
13.0694	1.90455
13.0703	1.90474
13.0712	1.90494
13.0722	1.90513
13.0731	1.90533
13.074	1.90552
13.0749	1.90572
13.0758	1.90591
13.0767	1.90611
13.0776	1.9063
13.0785	1.9065
13.0795	1.90669
13.0804	1.90689
13.0813	1.90708
13.0822	1.90728
13.0831	1.90747
13.084	1.90767
13.0849	1.90786
13.0858	1.90806
13.0867	1.90825
13.0877	1.90845
13.0886	1.90864
13.0895	1.90884
13.0904	1.90903
13.0913	1.90923
13.0922	1.90942
13.0931	1.90962
13.094	1.90981
13.095	1.91001
13.0959	1.9102
13.0968	1.9104
13.0977	1.91059
13.0986	1.91078
13.0995	1.91098
13.1004	1.91117
13.1013	1.91137
13.1023	1.91156
13.1032	1.91176
13.1041	1.91195
13.105	1.91215
13.1059	1.91234
13.1068	1.91253
13.1077	1.91273
13.1086	1.91292
13.1095	1.91312
13.1105	1.91331
13.1114	1.91351
13.1123	1.9137
13.1132	1.91389
13.1141	1.91409
13.115	1.91428
13.1159	1.91448
13.1168	1.91467
13.1178	1.91486
13.1187	1.91506
13.1196	1.91525
13.1205	1.91544
13.1214	1.91564
13.1223	1.91583
13.1232	1.91603
13.1241	1.91622
13.1251	1.91641
13.126	1.91661
13.1269	1.9168
13.1278	1.91699
13.1287	1.91719
13.1296	1.91738
13.1305	1.91757
13.1314	1.91777
13.1323	1.91796
13.1333	1.91816
13.1342	1.91835
13.1351	1.91854
13.136	1.91874
13.1369	1.91893
13.1378	1.91912
13.1387	1.91932
13.1396	1.91951
13.1406	1.9197
13.1415	1.91989
13.1424	1.92009
13.1433	1.92028
13.1442	1.92047
13.1451	1.92067
13.146	1.92086
13.1469	1.92105
13.1478	1.92125
13.1488	1.92144
13.1497	1.92163
13.1506	1.92182
13.1515	1.92202
13.1524	1.92221
13.1533	1.9224
13.1542	1.9226
13.1551	1.92279
13.1561	1.92298
13.157	1.92317
13.1579	1.92337
13.1588	1.92356
13.1597	1.92375
13.1606	1.92394
13.1615	1.92414
13.1624	1.92433
13.1634	1.92452
13.1643	1.92471
13.1652	1.92491
13.1661	1.9251
13.167	1.92529
13.1679	1.92548
13.1688	1.92568
13.1697	1.92587
13.1706	1.92606
13.1716	1.92625
13.1725	1.92644
13.1734	1.92664
13.1743	1.92683
13.1752	1.92702
13.1761	1.92721
13.177	1.92741
13.1779	1.9276
13.1789	1.92779
13.1798	1.92798
13.1807	1.92817
13.1816	1.92837
13.1825	1.92856
13.1834	1.92875
13.1843	1.92894
13.1852	1.92913
13.1862	1.92932
13.1871	1.92952
13.188	1.92971
13.1889	1.9299
13.1898	1.93009
13.1907	1.93028
13.1916	1.93047
13.1925	1.93067
13.1934	1.93086
13.1944	1.93105
13.1953	1.93124
13.1962	1.93143
13.1971	1.93162
13.198	1.93181
13.1989	1.93201
13.1998	1.9322
13.2007	1.93239
13.2017	1.93258
13.2026	1.93277
13.2035	1.93296
13.2044	1.93315
13.2053	1.93334
13.2062	1.93354
13.2071	1.93373
13.208	1.93392
13.209	1.93411
13.2099	1.9343
13.2108	1.93449
13.2117	1.93468
13.2126	1.93487
13.2135	1.93506
13.2144	1.93525
13.2153	1.93544
13.2162	1.93564
13.2172	1.93583
13.2181	1.93602
13.219	1.93621
13.2199	1.9364
13.2208	1.93659
13.2217	1.93678
13.2226	1.93697
13.2235	1.93716
13.2245	1.93735
13.2254	1.93754
13.2263	1.93773
13.2272	1.93792
13.2281	1.93811
13.229	1.9383
13.2299	1.93849
13.2308	1.93868
13.2318	1.93887
13.2327	1.93907
13.2336	1.93926
13.2345	1.93945
13.2354	1.93964
13.2363	1.93983
13.2372	1.94002
13.2381	1.94021
13.239	1.9404
13.24	1.94059
13.2409	1.94078
13.2418	1.94097
13.2427	1.94116
13.2436	1.94135
13.2445	1.94154
13.2454	1.94173
13.2463	1.94192
13.2473	1.94211
13.2482	1.9423
13.2491	1.94249
13.25	1.94268
13.2509	1.94286
13.2518	1.94305
13.2527	1.94324
13.2536	1.94343
13.2546	1.94362
13.2555	1.94381
13.2564	1.944
13.2573	1.94419
13.2582	1.94438
13.2591	1.94457
13.26	1.94476
13.2609	1.94495
13.2618	1.94514
13.2628	1.94533
13.2637	1.94552
13.2646	1.94571
13.2655	1.9459
13.2664	1.94609
13.2673	1.94628
13.2682	1.94646
13.2691	1.94665
13.2701	1.94684
13.271	1.94703
13.2719	1.94722
13.2728	1.94741
13.2737	1.9476
13.2746	1.94779
13.2755	1.94798
13.2764	1.94817
13.2774	1.94835
13.2783	1.94854
13.2792	1.94873
13.2801	1.94892
13.281	1.94911
13.2819	1.9493
13.2828	1.94949
13.2837	1.94968
13.2846	1.94986
13.2856	1.95005
13.2865	1.95024
13.2874	1.95043
13.2883	1.95062
13.2892	1.95081
13.2901	1.951
13.291	1.95118
13.2919	1.95137
13.2929	1.95156
13.2938	1.95175
13.2947	1.95194
13.2956	1.95213
13.2965	1.95232
13.2974	1.9525
13.2983	1.95269
13.2992	1.95288
13.3002	1.95307
13.3011	1.95326
13.302	1.95344
13.3029	1.95363
13.3038	1.95382
13.3047	1.95401
13.3056	1.9542
13.3065	1.95438
13.3074	1.95457
13.3084	1.95476
13.3093	1.95495
13.3102	1.95514
13.3111	1.95532
13.312	1.95551
13.3129	1.9557
13.3138	1.95589
13.3147	1.95608
13.3157	1.95626
13.3166	1.95645
13.3175	1.95664
13.3184	1.95683
13.3193	1.95701
13.3202	1.9572
13.3211	1.95739
13.322	1.95758
13.323	1.95776
13.3239	1.95795
13.3248	1.95814
13.3257	1.95833
13.3266	1.95851
13.3275	1.9587
13.3284	1.95889
13.3293	1.95908
13.3302	1.95926
13.3312	1.95945
13.3321	1.95964
13.333	1.95983
13.3339	1.96001
13.3348	1.9602
13.3357	1.96039
13.3366	1.96057
13.3375	1.96076
13.3385	1.96095
13.3394	1.96113
13.3403	1.96132
13.3412	1.96151
13.3421	1.9617
13.343	1.96188
13.3439	1.96207
13.3448	1.96226
13.3458	1.96244
13.3467	1.96263
13.3476	1.96282
13.3485	1.963
13.3494	1.96319
13.3503	1.96338
13.3512	1.96356
13.3521	1.96375
13.353	1.96394
13.354	1.96412
13.3549	1.96431
13.3558	1.9645
13.3567	1.96468
13.3576	1.96487
13.3585	1.96506
13.3594	1.96524
13.3603	1.96543
13.3613	1.96561
13.3622	1.9658
13.3631	1.96599
13.364	1.96617
13.3649	1.96636
13.3658	1.96655
13.3667	1.96673
13.3676	1.96692
13.3686	1.9671
13.3695	1.96729
